0.8726883807461002
-1.0607771344411452
0.046881552274031735
-1.0114888654246539
-1.3581318489288026
1.861389205027542
1.8477807816655112
0.29647783215094126
1.4743053477330028
-1.742620083218593
0.3198132226551599
0.36966413845849927
1.8682534098307393
0.0037432667927241614
1.2636587395777352
-0.37783831995146616
1.307449175960148
0.16052430673641344
-0.4511113224986748
-1.2529732250691255
-0.06027410794890184
1.1233828798063656
-2.362061495987149
-0.13452026956113797
-2.2754422324031895
0.5712124670442825
-1.367809439803729
-0.2746168365071227
0.25088810966555697
0.9463796272507617
-0.7783867023102823
-0.16965174515111475
-0.9044764461221874
0.3050806235273138
-0.15805179837620917
0.7066582583206458
1.2690786859250753
0.0882547715785926
-0.5377391128687753
2.417033226389675
-0.2781767019930232
-0.3290715605442853
0.5355173358149911
-1.3203727432484051
-0.6931950686865772
0.49424461015982035
-0.23110397545309574
0.6182891196283424
0.8217907834285111
-0.49501909073526873
1.750180043265196
-0.1571245248465658
-0.2252122444438543
0.3871001900591754
0.36493094256959063
1.4785623163976649
-0.07220110849608033
-1.3511508144426025
2.1455467631537513
0.4554517856180702
0.8292233130766659
-1.0971776683501577
-1.0914778265071905
-1.1242706661630435
-0.7370485308875494
1.2088454784078881
-1.7860894720769096
-0.03664421712742991
-0.15240047036728807
1.1440617239115622
-0.2577023509412924
-0.31380208349134553
1.8466305309827928
0.02080013223091795
0.16816640876384975
-0.5085075087963743
0.32257966607193056
-2.2420150007010857
0.2639700956047403
1.3876065936189759
0.6098402087156339
0.8579169646274839
0.6620088725571247
-2.376187207356885
-1.331472591087909
-1.6163157519147715
0.1230174086732533
-1.1255427718400792
-0.7945360675392277
0.7165440797304717
1.0674679239515334
0.27546804319132867
-0.9061713073447145
1.333504481850015
0.49590046608968275
-0.9956472422760214
-0.09415783834022413
0.07495414399562332
-1.2239944126594289
-1.477071052173047
0.8676738663498809
0.706226208197183
0.0032314098343908092
0.45574871009713297
-1.4627104332884429
0.15874675172163985
0.6628740787417824
-0.004419012477777049
-0.43116205238614264
1.0134095545972643
-0.9805190425087086
0.11094124594794064
-0.9639609420973693
0.06866644645474099
-1.5166834723901743
0.32802989851091147
-0.6392056106346589
0.9031714822569133
0.39023260254105113
0.09462709345242751
-0.3547219286871532
-0.7548397459717083
0.6909959536870927
-2.3326018575427216
0.20159330300455466
1.527478784269014
0.6559283170889298
0.2424224630735524
1.9709729312803252
-1.7068088800280194
0.8015373219096487
0.9703360030582137
-0.12160060715481726
0.21053674035839604
1.0259386940610078
-0.557540269222205
0.846680055894688
1.1830096634095333
-1.5197528304154169
0.09211261891145484
0.2830898527651787
0.4513778710442919
0.08305445268630766
0.24993015865575252
1.0167609548942687
0.9512349385454589
0.2769014830370211
1.053258982315965
0.9063270572314044
-0.7278245427310184
-0.6964914617952203
0.617415052073011
2.530085486697898
0.7868330297388466
1.658352786650544
0.24684986744029916
-0.7876678160460403
0.07919691917776411
0.7975992913173081
-0.829966968525949
-1.305409745633905
-0.6538736061592255
2.0639514548221936
0.7797195947564941
-0.2172052022622478
-0.5317167636007921
0.4851147677126957
-0.5749704164063287
0.1738688812864666
1.5278534850908894
0.020714632728313934
-1.8125384203752246
0.7104787834314971
0.349903207266225
0.24089809427425232
-0.23158504838920801
0.1411728832721095
-0.8054657525397183
1.222288490995072
0.5490522785440549
-0.6875033128458686
0.12263144904532337
-0.3228189143258267
0.6625931296316863
0.5870632229342301
-0.5560230836775095
0.4894877822160033
0.490422775357632
0.40112278923667954
0.06496393111744447
-1.5172207434932337
1.0339199779377917
-1.0777285811409851
-0.18331182845338723
-2.6287779461479275
0.42045413817129906
-0.4435059835358427
-0.8849697902208529
-0.21063279749363342
-0.16096108821680663
-0.8357588697009387
0.6052542457208993
1.2033655867520394
1.1758148445153371
-0.278123667877108
-1.1093253848674463
0.6702428054623715
-1.4988617587930557
0.49550338472627775
0.13337296948596222
0.13718986236592673
-1.181125258987091
0.19434441529002242
2.2741512380539155
0.27217146691233385
-2.069555705616891
-0.6793612180530036
-1.3728894455623333
1.8524864462557222
-0.32047708734968616
-0.234927611209531
1.5034710635229396
-0.33340368758257055
-0.20395797320620063
-0.9947843612925982
-1.259813871346542
-1.6802309794487096
-1.0006256759767407
-0.16853100983539057
-0.44828297224455804
-0.20154140315907076
0.562740301984732
-1.3517437414305284
0.8232014267149065
-0.732448743411343
-1.3815526633206732
0.3241380747249296
0.2703965970371947
-0.17711156675466652
-1.9226104564568898
-1.1822147706300725
-0.8599009515353316
-0.2325933651003878
-1.665062448755697
0.039035012255965604
-0.6051706824324129
-0.7396797848338645
-0.006017787667573934
-0.33687663922342537
-0.587127188008609
1.3498014458052283
-0.453472449598468
-0.3906547545134647
0.41446383964552547
-0.5706984304200573
-0.2732020093417416
1.4262207753595164
-0.005062299623251815
0.7478629696220256
-0.8101740181022277
0.37333360249340114
-0.7503391840869722
1.0455087323538388
-0.5554813276223532
0.21584395572660187
2.0723809539457494
0.29269730162349283
1.5309082249247348
0.08816516447907251
-1.2605645641129737
0.46615653008261915
-0.8272084037885786
1.1056486419605525
-1.7720919095287815
-0.20896045600288968
1.5814255876588998
-0.2128757683938646
-1.2732309590975739
-1.6872694185976032
0.30962352197820747
1.2623227391388496
0.06692432591753913
-1.0789886777333115
0.49689810218893704
1.2628559418723324
-1.0123071355907152
1.2630206065110043
0.4585836785900117
0.9355962716217953
0.16772310754203468
0.5907782341870796
-0.021127315980206316
1.0013969403578165
-0.15608403159212678
-0.5094639519784573
-1.2556196524181467
0.6695482146240237
-0.6631553133096442
-0.2600572964245639
0.17631081254218567
1.2458118946677648
-2.248642504962786
-1.3430826491602441
-0.6661401871876832
0.4329940424066176
1.4244545666122121
-0.503715328505912
0.8774050815969959
-0.520400388469695
1.5608290281500925
-0.6679775506123122
-1.0130176206912487
-0.937365714300938
-0.7154417495201174
0.033229564130519175
1.4741283243640873
0.1997739918316677
-0.3241790244834696
0.883912032232748
-0.8359495097634172
-1.8273824666286043
1.3620205028590475
-0.5059506798561828
-1.7107814694003345
0.28804456388979005
-0.21570220144398133
-0.4999309313490131
1.4058192784808845
-1.0456697842019338
0.015117837365454963
-0.174546184300001
0.0750887668121562
-0.1553310931177202
-0.9679492363132913
0.19557241326767233
-0.8734273147482597
-0.4244633828886211
-0.2912636915036213
0.44689719171515563
-1.5353780236062282
-1.6566513131156415
0.5784426288705276
0.9055800409052762
-0.9984021894195783
0.6645101641766099
-0.4309285074097961
0.1438874803572916
-0.9459391539039583
-0.9761680413322938
-1.102674732659423
-0.828033070458315
-0.48327625750443676
-0.1888301204900638
-0.4669250466853705
-0.23925693980683183
-1.1392950576881802
1.028230129083625
-1.4559282367316855
-0.3508038551968126
1.0550175689020163
-1.6738890827063868
1.9907076833441255
-0.1376442875917681
-0.18334138044563086
-0.5477684348637109
0.4035900894187936
-0.6892780405457335
0.09869190767658075
-1.6951989273375596
0.029693129875139754
-0.3896051189845679
0.08638880491313812
0.018907977613238963
0.8232316666044663
1.8624040435327396
-0.32258915870972865
-0.30908410660045904
0.4343283603869922
-0.32793845006593997
-0.3519915835488301
-0.34676022965052133
-0.274109070644619
-0.8763837888402473
3.065850170890385
0.3148973758344897
-0.6021220869580954
-1.2231232673793238
-0.5720630393740078
1.6983777496406398
0.6069930326988717
1.521708316197472
0.748618940190634
0.07638545809812294
1.5743538729893063
-1.007429046546626
0.8527941755819074
0.5834542459901274
-0.4250732376369751
0.4567817215004704
0.06513671780640545
0.827500707448549
1.3426129165926428
0.42476052954766585
-0.7559111659475415
1.9523913501323136
0.12608534068021152
1.055258148256794
-1.122000352716964
2.2185217777243884
1.762362056830978
0.4046564671509285
0.18523806914583027
0.8015355131189602
0.45257150715485267
-0.06559109572248163
-1.5731842372514802
-0.23629381647692332
-0.10722752345802994
1.6378712693724395
0.1620621041540773
-1.544333889555443
-0.2703371306685253
-0.7954666120717446
-0.13847966089363917
-0.023415805941445305
-0.2770773140490373
0.006136926635899683
-0.6588880552838187
-0.3159230001540307
-0.005186166526705097
-0.058587167770799496
-0.11719716718908857
0.679496904632921
-1.0266267934308262
0.9093431407960832
0.2144835735223113
1.1009869003013593
0.6622058984439323
0.2776007971617524
-0.4744150772648419
-0.23706588841422405
-0.032531498781424716
-1.0887998257597868
1.5330105576178368
-0.7381051677415582
0.6624905119487754
0.0711699512018148
-0.38057575625298634
-0.5800038157357019
0.4124460083542845
0.1514483822502919
-0.5202508530682295
-0.006880628532454863
0.04762017626394242
-1.013400315002551
-0.1941630297875941
1.2527755209841185
0.34444657178389
1.0343179069396113
0.2543787857259266
0.6733105716433101
0.8908061995912884
-0.9542433753464892
0.19104745328463824
-0.581736744663538
1.3142040085342417
-0.6582645522185084
0.29547215996179227
1.8058507736741714
1.3237363297551001
-0.19489711661867173
0.7578432831654188
-1.252868812528573
0.5085048008876194
-0.23151480231529994
-0.14544048270825002
-1.7108365552127802
-1.4743774371721694
0.6900030386893908
0.5708888871890441
0.10955791243502791
-0.09158815217159559
-0.3444905956925487
-0.43809115888646377
0.17849513190881208
-1.348132424796906
0.5249693200349874
0.8864521425168302
0.839104488599407
-1.8116121293225942
-0.9592476172860482
-1.258916758110251
-0.3013040898065888
-0.23321297488667497
-1.684863953791039
1.231165266336815
-0.798796587720061
-0.12016779693506113
-1.479650446522507
-0.46489927787780017
-1.3552624151772898
0.9066235048605811
1.115377155238632
-2.424206430554645
0.5047153190384188
-0.538158043677513
0.04912203878716926
-1.753932360942389
-1.0338719999191444
-0.5914476648993692
-0.6082479309773519
0.269453744250599
age
4
beauty
-5
happy
3
glasses
0
height
0
smile
-2
