0.9984688939469492
-1.4573305961121963
1.158169791993451
2.065132157672817
-0.25778445677603135
-1.8762336660028096
-0.08890677142427439
1.2875111051423982
0.8551427281468442
0.33576676918553744
0.9325871761540582
-1.4041963976990115
0.17150822942669702
1.6155796941319993
1.1848714471018311
-0.7210974361522726
0.7555287616242942
-0.37292170163183225
0.09082131288905498
-0.6794096206598741
-0.028618540194196327
-1.1983658879703416
1.3003380775794326
-1.0453817139042996
-0.2934470176047016
1.428368366277472
-0.2159719857733395
-0.9980788006984924
1.7621164673895877
-0.18448737801186388
-0.7298572974132017
-0.08836301915706041
0.43725198969101264
0.7202239614351036
-0.5157049353661701
1.2114109330375682
-0.2671020100602939
0.5384456004307838
0.6735201467019825
-0.7693933581299518
1.4763663984903896
1.0099455744380852
-1.2217859153022066
1.1478712770739141
-0.8628953835866504
-2.716064143185121
-0.21112857492059417
-1.8735274735966938
1.1841332046493498
-0.036119499210027675
1.434774326656319
1.0758019221524835
1.3494454270365464
-0.5056113481188007
2.1779378146749635
-0.00039745709814351056
0.9431378476584447
0.18002275526814596
1.1913340054881638
-2.453882997624725
-0.012721244229573023
-0.25640866742350144
-1.9671108670340596
0.03160787263841566
-1.4604752468819513
-0.13776498099143583
0.7425915569532802
0.7484986615723249
0.28983411859257213
0.9141832035213034
-2.209894268233581
0.7370685580855508
1.0527178162416204
-2.284543553586201
-1.7612795194780586
-0.312998848433085
0.5490497834852166
-1.4386343950350706
0.866454519895597
0.7011146003021193
1.3366218892983952
-0.08722125864198191
-0.26073822293267535
0.6915507127987255
-0.26783025551225953
0.05306096444485542
-0.919233349038087
-0.5735918077969089
0.12180576320032276
0.9640188037341414
0.28292997495446714
-1.3216774673799225
1.7397620720451425
-0.8893442801213506
0.6091066122527455
1.644193850502477
0.7318072791569634
-0.5054457580364301
-0.3492972748153483
-1.8652757515540128
0.2318244347851361
-0.03184523534107335
0.14589750771280566
-2.7528386692995976
0.5481693067485568
-1.6107040434683737
1.2682870458169675
-0.6331348929835926
1.2861124053435875
-0.6279718186538928
0.6167170257533501
0.08110484045195404
1.0918578312494707
1.0481363147850193
0.942008067168017
-0.7877356796363959
-1.618437188199114
1.1335766167450083
0.005216184307642183
0.6510021768203199
-2.1576355596493126
-0.44056835783342474
2.8328500593260237
0.1660003209930004
0.3257615905611831
1.177995690224453
-0.8923776060383507
-0.1527043222129921
-0.17042528427560213
-0.571358621333172
0.4043511023804049
-0.5865496128152494
-0.3572080284788676
-0.9283241394249431
-0.27676034675879446
-1.492050702289918
0.9576919231391394
0.15018685498946518
-1.7077412708339288
1.0931024435205527
1.6593011584264492
1.5003484635998172
-1.0332601973744338
0.8354363254155893
1.0502341402499806
-0.015082612047057136
-0.9851621671045374
-0.28113050471824214
-0.8417666709690189
-0.14386364408958077
0.0060688046015477
-0.21592983961138434
0.6893640685526374
-0.4836291037905079
-0.37264862989159303
-1.3850681652526793
-0.33359302369776317
0.03659326112234384
0.7340096362776428
0.12655622072342096
-0.6777835995894279
-0.052245634460582606
0.07909276025658599
0.786890518730927
1.6215650779846857
0.18975109768175993
0.09181220713522686
-0.5974536316826936
0.9853487332571144
-0.626831447194225
-0.3915612561359205
-1.211265275855106
-1.3417836987055263
-0.7555313114919662
-0.9482762492594121
0.3011924442145624
-0.3539197604324648
0.7909005819417374
0.18808092318059008
0.015061033682692484
-0.37021599713005243
1.1893658637728748
-1.137143873313608
-1.0114094768121356
1.1069331912467146
-0.40817135518125447
1.5287056244081034
-0.41498916405553893
-0.0325807363561935
-0.1411037412666247
0.8960480997766811
-0.735480606471027
0.41243168903565774
-0.007945888239559763
-0.2937763157189332
0.19671474499157143
-0.7195038794688478
0.20641977190091232
-1.4788550206341198
0.22213636793254876
-1.4709689439835405
0.024062447134324462
-0.8487953783805229
-0.5733216081576875
-1.6365195795404182
-0.15482666005117676
0.4443561883184038
0.21242568799461994
-1.24932319502224
0.7179776631278928
0.47987376689537015
0.6681609323813105
-0.4686365761489169
0.42328839256517015
-0.5009895327238117
2.143919797816309
0.12523001998479288
-0.4687374151473409
-1.6159449978375464
-1.2889205526161394
-0.4824485858310255
-0.17068125526975286
-1.087733846879845
-0.43841551418256286
0.5068926329445216
0.6015948188967046
-0.5696594705100987
-0.9281971754751932
-0.5139137438845367
0.024575604653413328
1.0897339986245278
0.5320796271195388
-0.46267464617520904
-0.18819591816661457
0.905251750255597
0.48539883699378944
0.9367439050914097
-0.7395847384456117
1.0121454513696335
-0.07892072975525818
-1.6028881669546398
0.5793719569039412
0.40228798784449793
-0.19218369101773222
-0.2241302316651817
-0.008505815056176477
-0.17298722566316505
-1.9444097925340067
-0.39858877634245654
0.40541518019522665
-1.0338753963477358
-0.006156982020955194
-2.223735862311177
0.959096540222173
-0.9668058972811739
1.160746085040428
-0.2003712445871577
1.2754497506975455
0.5182995368597852
-0.05385361181199451
-1.8780143456595766
-0.5552690650057461
0.7172753825601703
-0.6450709428818532
0.630504689979861
1.0297528854673472
-0.405160785374669
-1.1780773922560703
1.3778658761425513
-3.5175516024098648
0.8320330655941618
-0.7074079634295047
0.5990069554517073
-1.469858241944043
-0.829379439267801
-0.26813960763423766
-1.5069773177326455
0.8644220346431194
0.07497360701734555
0.4697702628512932
-0.37691046501352304
0.7873711650418402
0.764037331523599
-0.14085097128739368
1.3649839513868791
-1.3085749177800499
0.5611141345001557
0.06940841876753373
0.7835494588974812
0.23292078632153665
-0.6507092064173391
-0.3055670297752395
0.18860284924982929
0.5474867243470688
0.04246545907994106
-0.04537590890118285
1.5446628616773925
2.295938062666274
-1.9364083422136362
-0.6786940775443933
-1.2873737008915276
0.3864223521757892
-1.0242739850407112
0.46943764046238573
0.4715176161678888
-0.5066023321610011
0.6638508082702296
1.3237283050161595
-0.22676068933512478
-0.5290462466937957
0.8003789882636351
0.7529852046337769
-1.1376411446117387
-0.7682806097350542
-0.7311967188589643
0.3979862303743973
-1.089698140298031
-1.1304458714295658
-0.6258547506605495
-1.050885923137515
0.9009107009214073
-0.12081152922711591
-0.1403369380213317
-0.22668139850335176
-0.479508973611482
0.40688132875769023
0.3791879118475419
-0.011753753869227727
-0.7251440466481294
0.7385964006530383
-0.5965770153308476
1.0620859002655347
-0.5240351808898543
0.4893087137562547
-0.6320559498195851
-1.2145298895015788
-0.6111866711765049
0.3368178633401899
0.4492835770395062
-0.4161032055750678
0.7879332397937433
-0.9745393179162593
-0.7839018524277898
1.1172294572565151
0.8630764136935544
-0.023173987735362497
0.5286608297120877
-1.5038690335631477
0.7975977442580042
-0.5479847155502432
-0.86436078042665
-0.693877763183399
0.007476744668489579
0.39100756199879555
-1.2130015671912782
-0.5010559488515987
-1.8857367827351368
0.8120473109254716
1.001083928308441
0.5045703576356962
-0.5702386239211605
-0.676321347726854
-1.08768659407152
-1.1761722687857474
-0.1667119538627674
-1.0055770779865882
-0.7245491576468563
1.1308331148367947
-0.7197828119093934
-1.3890219119450364
-1.2719758489026454
-0.365698646897225
-0.5051262654479998
-1.5073360698504408
-0.45143756177513134
-1.573819982691074
-0.06407284433008717
-0.03238474045234414
1.4779219534373873
0.8572254266976119
-0.5250326218122521
-1.055413396677016
-1.2920753630222226
1.5950880520210315
0.8931738717124159
-0.21131075043488348
0.3249219683095254
-1.550867921436909
-0.11436524692406555
-0.6654313427132543
1.1520504976073112
-0.9160912642671465
-0.6187961561010105
1.362151003855199
-0.35486112190702035
-0.3206495335253844
1.174758507646379
1.9631746318039405
0.5143157485475429
-1.2585016863882876
-1.7429628952362943
0.8811950914246328
-0.8279413872578095
0.12121832906690791
0.27286281058058753
0.15052306843792343
0.30077825030530614
-0.5348502140254671
-0.1943325341924087
0.4429976631939594
-0.6125166027215073
0.2925593603789809
0.5095218885837964
-0.7329332068537513
1.0518613534006709
-2.088321071510956
-1.3165029405051192
0.6406668043210884
0.40632304611887327
1.0492081366344195
1.6889405805293685
2.13558082473793
-0.6072864150094422
-1.0647949662196656
-0.2885562052904341
-1.8841707500695182
0.7205958762542434
-2.351253950058705
-0.588759292329124
-0.5156462674987002
1.3652086915682888
0.7255711776511689
0.046067488962956586
-1.160435455947842
0.09754533907570796
0.885546601819095
1.6668766461065787
-0.7269883831138675
1.6541171527724445
1.3399720748615913
0.3747507232429039
0.6269520960162606
-0.2857096568015201
-0.3613505058624635
-1.1465239860419882
-0.18608394891181235
-0.3056517073455136
-0.4881212496268538
-0.08157543131535554
0.46055513975860163
-0.5096076731993782
-0.6325037111054597
-0.26133658568856444
-0.45572417492906264
0.5884079681868423
-0.37333895221083957
-1.763089231166884
1.4984595788461985
-1.585585208591522
-1.3897785865682664
0.3640466967236642
-0.6360009435074188
-0.40325381036857005
-0.5912214183666714
-0.44849521723994773
1.0313912059920762
-0.26604745442991984
1.196130594178832
-0.027619817885049643
-0.9201361219941072
-0.47014289956626015
0.2634741337747122
-0.0319814933788538
1.4047221699116603
0.2221197457448189
-0.27827810500972106
0.09012164154917944
0.1606313771998083
1.9415874504697503
-1.3556454904943394
0.05135254920148417
1.5009871207021719
-0.18379783529722654
0.8352725752717658
0.6425586213195815
-0.7765304548408553
1.1408000402179517
-0.20370756642823526
-1.421233136635693
0.24094971954964026
-0.5763945994057453
-0.13651695005403439
1.3370506119727381
0.25671539223473944
-0.34699766226637135
0.7235250565307517
0.9197683390781928
0.40305322716360764
0.14924575733207981
1.5643098323585969
-0.3135399266502454
-1.794036749388064
0.5333961860277058
-0.27727372628362207
0.7379100327476762
-0.030010524943048497
-0.866651871231836
-0.44193670459154827
-0.9933557305612453
-2.3245662196504577
0.48713854252286215
-1.5424196907403762
age
0
beauty
0
happy
-2
glasses
2
