-1.2900811875937757
0.44908768438455804
-1.3766615454159095
0.9055063752376276
-0.8280526570908691
-0.4003729318840899
1.6898426386505214
-0.6471691084907222
0.4619163520522916
1.1464435171893947
0.6716793392262709
-0.16063459539451222
1.6344618217134552
0.39301146678202886
0.41370396112524555
0.24396696384670694
0.9590687450618789
-0.730021536739411
-1.0096105530968598
2.2606924349129396
-0.6606351858752945
0.6356970281298333
-1.382484076240217
-1.4320669391113716
-0.7645293883549563
-0.257564340083181
-0.2077624796509454
-0.14140684000983458
2.0128078120991897
0.12248611787217388
1.0121638672199444
-1.3278148897958861
0.2931521876021829
0.5825505055161606
1.0629848129270614
-1.923627070185912
0.3587547047912904
-0.869552275638286
0.15580977046858333
0.33557395485573027
-0.5585239786281594
-0.8967536351380047
-1.33922780520641
2.230909902694251
1.8751246460687456
-0.02648804371079618
-1.2576095351472238
0.6530879823294894
-0.08538655278858662
-1.5735979198546146
-0.8344142959226915
0.034288198715225295
-0.2691166973044402
2.4743505836267876
0.6829484385468302
0.1465489261890654
0.4711691766013168
-0.30699505783381686
-1.0426247460400837
0.48418920275584604
-0.08240158659856446
0.16577668973643386
-0.9177756648364036
0.748022975242278
0.7827048134703831
-1.9552655334344964
-1.1088213713914854
0.19227821551754737
-0.9220424670093809
1.2433005023614419
-0.9793894927406002
-1.187960687130419
0.9189580819084863
0.3148746914166297
-0.5520089396875243
0.9243619961290219
0.6110137042440691
-1.343370330485327
0.4335429030221853
1.6033359764046504
0.9884914756565863
-2.0081136670874846
-0.4515166047716796
0.9562845890878854
0.8980253803506211
-0.7781931446623593
0.6886790999922732
-1.1324027839780473
0.9306944463566329
-0.5546819508338072
-0.32551393297082604
-0.7384097827499482
1.275550826703356
-1.215190065851435
2.2156849201268862
0.4099710899080967
0.41713221242644766
-1.0848530091731996
0.5051916210220534
0.07229494026011501
-0.9319649661584055
-0.008699381456357175
-0.3567855143320515
-2.2852931530279696
-0.28290006415666846
0.10956579382449128
-0.38888321838275314
-1.3958495370432875
2.128968726425771
-0.9613513225100757
0.2371865043817642
0.24100675312896477
-1.4928399991799577
-0.3685505781370472
0.42263372394046556
0.9926274518177884
-1.934134722686647
-0.06359530306462322
1.0413496355821132
1.1487617179951068
-0.5816640318528555
0.07958051863932766
-0.9128993853315868
0.4912396641555601
-0.5812261775270264
0.6022286656376756
0.5093187997697562
-0.9906742212328077
0.25186929053863116
-0.5060470817870488
-0.985454805506464
0.5775375873891967
0.24100691116907547
0.657793329573401
-1.1036663007160936
0.017434444103632322
2.3443046530635736
-0.5483504023286258
0.15792856959051318
-1.443669469635066
-0.5510264577364757
0.9182858580046799
-0.39567165815718014
1.0645434307161672
-1.669913157686513
-1.3539030151185778
-0.05153232897802428
1.4358545377883964
-0.7303374176571797
0.04163909076016219
-0.6373078553974367
-0.036173351951518974
-1.399956139046884
-0.6390814664674644
-0.48139778817651174
-1.5440374676650312
-0.8268450829301529
1.3435818347241386
-0.12590779637425298
0.6499856714931396
1.0631945821617308
-0.8516406635630641
-1.7933345320916785
0.7638117552989524
-1.058039107672481
1.9784915605991895
1.5458631008047503
0.7055250607693618
-0.2091549045404621
0.0830837277560049
-0.38365279216301607
0.37830606038109954
-0.35987152216738827
0.0005964588948945816
0.8418892553563981
0.11475310804464978
-0.3993546556978662
0.9970001619361859
1.258335040919383
1.7258384677132779
-0.3179745604915272
-1.2764692374581776
0.8445122035593642
0.45844361312486936
-0.8189003305309968
-0.19847585719450134
-1.014331196100808
-0.024892598012314058
0.08345345302566361
0.06327852352958162
-1.5917822275884936
0.36566312089734776
-2.588411221907343
-0.4382570394010075
-0.6685345165716537
1.417114061575872
2.211952264162011
-0.1810878950030788
-0.11576633333196855
-0.8249395626838042
-0.3082432092629797
-0.16371979222399963
2.1446361636768834
-1.505532717529932
0.4531629471483847
0.6959204765045414
1.5248981471004883
-0.3776164990419502
-0.3603184620255224
-0.7547475665095805
-0.6633872300666955
-0.2692347818220022
-0.5886706965618892
1.0017148534096922
-0.9480394277398626
-0.254992838915749
1.1724196975869903
-0.09998939066491741
0.8647403275216925
-1.2291287362845489
-0.9263030764770586
-0.3761266529153633
0.6465822949628649
1.0810103579202404
0.8248801464026244
0.9760153026758196
1.8147621856265541
-2.218923322473854
0.5758195784569653
-0.5217526394688553
0.46894954176373754
0.12764922098067347
1.2914245996115858
0.2099593601969308
0.955554792480474
0.4850687433537263
1.372699334245262
0.09758422411747508
0.24094234068142897
0.6650400195925645
1.0261515043814537
-1.5226770444021462
0.9016501276727404
-0.37042634961705595
1.60795315323668
0.9428906492852303
1.2277537710045552
-0.5440428021325509
0.9694914349423813
0.491942914380624
0.4710081883710237
-0.9403345668136269
1.26074298042192
1.1520683824516775
-0.26522849094876616
-0.061737366608954805
-0.14407806486215594
-0.24648972205721092
1.7786890113188876
-0.010086826564282846
1.238459640440371
-1.0188261133250849
2.202873353229607
0.8223164980102434
0.7353307340125023
0.4454755240937069
0.32121392688001266
0.8702964219775294
1.7983616504033293
0.6151220158592047
1.5362888352419002
1.3741657038503792
0.12828848132540002
0.9609488858075862
0.4587894810405025
1.1617374418726218
-1.743409917594628
-0.5203066346042422
-1.0146670852160637
-0.18148820105698318
-0.09509491452601673
-0.3398533434824105
0.7725185880166008
-0.6327421667025049
0.6167003402372793
-0.08097621612463714
0.1856298557944739
-0.7605651794021936
0.4134705052518048
-0.2588297114714341
-1.2547049492271707
0.11197944531439456
-0.11276185356456946
0.6915472066695683
0.9151659434227202
1.7750019071190766
1.7143717812534351
-1.3146976018901955
-1.5423236634575688
1.7047552454128674
-0.13115870629438522
-0.6514305793310127
-0.28258732113972285
-1.5551010845478028
-0.19016995435586134
-0.03176254012976421
-0.6614710133488179
0.4857260849636243
0.5854462004471048
-2.104592296647647
0.47384509655225093
-0.241985144872842
-0.9133985808098213
0.004809604681355195
0.6035925426358177
1.2298716015830606
-1.8031425010452458
1.0966117627511949
-2.416719288171182
1.5073900120411794
-0.8686302165719589
2.189401945996214
-0.1656964926274067
0.32791026926630507
0.006353020050466824
0.7889652492268124
1.1230125831632438
1.2899827322081896
0.5288530321126546
-1.369813250093167
-0.9135777347131755
-0.2736782944005996
-0.15531251747215566
0.09034035872012726
-1.6186706798039745
0.508782261208559
-1.785541979737935
0.0930440636059516
0.020330831721179183
-1.2465004132706938
-0.2911721007393909
-3.1434868185829408
0.04069268013498293
0.17909232868357364
-0.9040156080878293
0.1517998474892398
-0.7240321874043938
-0.4756888880893335
-0.14089991931879203
-0.5693259682015993
-0.5455699357286798
-0.23916884657450488
0.4976946239456221
-1.155418506093319
-0.4260957779559657
1.3154651079624464
0.8864863820989172
-0.12299102432079348
0.25522205496344924
0.7938742528397734
1.0859077800614712
0.10235389999313525
-1.280088850132761
0.21967534078275378
1.4182816762864923
-0.5317767466200206
-1.2320797226564444
-0.9747106909842185
-0.9220037650210376
-0.0008772439605128271
0.4800581809956934
0.34988106077458153
-0.25595170258169203
-1.6962026117705213
1.6021992165828232
-0.31031509567070875
0.13406522873684404
-2.195618251671813
1.7731759278267676
-0.035425076515363314
-0.12174507937812619
-0.49791977956457617
0.8248644475803673
1.3907514454906929
0.11911264922678644
1.8221047701659983
1.3042656601614666
2.1086810979531836
-0.41095144776855674
-0.41328671987133886
-1.0591174888512545
-2.0947265399046597
1.3397738137105706
0.15191080439905855
0.18888122160294613
0.7070886001009465
-0.8075266824193866
-1.202516281377218
1.7937972900264092
-0.7787492595289587
0.3089402386580224
0.7081220898532248
-1.1508682152175707
0.19258090112808368
-0.9810597198243669
0.35413679478715865
0.5029258759339005
0.5429309945781083
2.3328553195836026
-0.22816133063411664
-0.010396273538976025
0.6602089488702285
-0.6285517762790673
0.6499860386461326
0.2378764844883172
0.03753670929896834
0.5991320461623941
1.5580331456365355
-0.326869740577675
-1.9087780929052887
1.043567518763271
-1.1958062420532378
-0.5626396332862379
-0.3477900116504727
-0.8774152678750589
-0.7930409775128703
-1.0607112089114854
0.9137919712312816
-0.3756567872311462
-0.43073452723296624
0.11974134324005295
-0.14581628171822977
0.45558879795624035
-1.5222904764189595
-0.4019108836801537
0.2724004412165563
1.7292080256526474
-0.36227975612234664
-0.17763083690948325
1.5957527591581282
1.4311301826612575
0.7093218427212858
0.5182688152016252
1.3306497353659095
0.3044214156941166
-0.16790249012690778
-0.4516122917349875
-1.2444070586074665
-0.386588511436147
-0.043251213188674524
-0.395628963514305
0.07601586922070978
0.12020305430837448
-0.6720932701302126
1.1391621496357744
0.4047463411199468
1.1981979588024847
0.07262117092467835
-1.3410777592528684
-1.5748249889916055
-0.4062609419270732
0.8831223451938792
-0.5599228717634839
0.6710987129747766
0.18909424796337077
-0.08000402042204253
0.6823306435645862
-1.8910740283314653
-0.4331343204885252
0.034634041404724245
-0.4449318384376673
-0.01810591939645674
1.717813972398908
0.8644227700376537
-0.8777638432897326
0.3426497465849952
0.5999727370055365
0.5150859000721639
0.3827391669802884
-0.33317877652193156
-0.9849463531962441
0.7885184302831728
-0.06772422548854437
-0.40375374990961677
-0.48542418699603607
-1.9248883216208368
1.2565700682021352
0.9518183259296245
0.5147945016168249
0.08795638954240133
-1.4963602284713189
-0.5590515549751656
-0.695036592223228
-0.3780310260027306
0.03611248388875003
0.10863407892155738
-0.048061588154712065
-0.7631002099940316
-0.7645747014671842
0.934801208839126
0.32641524947796896
2.500859054648104
1.2155177294355233
2.1750253211604007
-0.607926929353922
-1.4398430544287366
0.7739566064089939
1.0275321391770709
-0.4840549910211895
1.1339628362804413
2.258362575286675
-1.1045587389585645
