0.5943586168198559
0.2836687910009136
-0.7292748676288381
-0.121621638713806
-0.3521543967154961
-1.234389506545282
0.5214719547848277
1.7067306383424095
0.5698178171831232
-0.5404725964321472
0.6117047448834896
-2.5453601982353518
-1.375158742835358
0.27647216452224926
0.731420379651868
0.6972548142409838
-0.35713488032966506
0.7959058373895133
0.27639695757485516
-1.295444606955725
-0.6589892641747043
0.4794835130915905
-1.3581312296106236
-0.0028441255806387865
0.4332546317141685
0.05733863825877714
-0.37624620826527716
0.17955666463686226
-0.3215193450310527
-0.3930294607172567
-0.5248314417060748
0.027388905268394246
0.2740189763985168
-1.249880765554753
0.846065202198755
-0.09793379692614446
-0.6290558239936639
-0.40191031483250983
0.778213038186826
-0.3433775342961928
-0.5993471918714163
0.36997521563123
-1.1636315247356348
0.9143621470468485
1.901287951705095
-2.8619384093343956
-1.1500755157393623
0.9901095509493341
-0.21849680698355786
-0.8284632345424304
-0.04199222276189481
0.5402846833736228
-1.083397037555121
-1.1347660764798826
-0.45316744888177424
-0.21809504503492796
-0.5750574342185767
-0.6941323674967488
0.310024967428981
0.14475708218734626
-0.6834185252692304
1.2485840677157392
1.3180486462927383
-0.5243667217073771
-0.04221054669197212
2.1211989287112782
0.995298227318632
-1.1063399298892365
-0.6829247163377774
0.3052955353086003
-1.002341385317992
0.4872076469740613
-0.3273352187334341
-1.807241243022224
-0.5836338546569322
-0.4979550893829732
0.14429414677055905
2.058647177245453
1.0157612902111037
0.47231448725603503
0.5833175669376822
-0.5988760784443936
-1.5009811123041785
-1.7422636420200937
-1.590892390820047
0.10873725048776843
-0.43831110009283597
1.5979952869663727
0.3473380317916563
-0.5306532441230135
1.0306609337318946
-0.2763201458271508
0.39894880454370085
0.9503646427918159
-0.5761934181932038
-1.5738304099918912
0.4737307031734784
0.6423808705637776
0.6549461860566812
-0.16946291681357706
-0.9639544567034685
1.1760576116817574
-1.4838586443757629
0.13597511482312824
-0.20879977444532713
0.2220405262913236
-0.6440376775282795
1.5211848131306267
-1.427722391671602
-0.7120383895548577
-0.5176591928292913
1.5280092516978347
-1.210262447277119
0.528930754710702
1.759112164169477
0.824046991038123
-0.6530363756627585
0.4768260956799319
0.33518084443132784
-0.8094160980967569
1.6166220787071102
0.3715390433112785
0.7908086724409344
-0.4821910396097734
0.6805509253367823
1.3398476092032177
0.20769095591621495
-0.05571776600184409
0.7044635146014623
-0.2943845986000159
0.5940415922030753
1.147162327702869
-1.1119212103165084
-1.6237543558949323
-2.0878239057569585
-1.0363153944826138
-1.9243392089498481
-0.4173759883359909
0.8095055554125528
0.1939305652499942
-1.2563841957549937
0.6030417469179801
-0.6015976505816331
-0.457498577393417
-2.0367923186763823
0.6297522491666226
1.2929031667542936
0.18279517820622385
0.18511730925855246
-0.6604065521444131
0.9342293722171863
-1.7976178846700606
0.40882402870504025
-0.008421445879643281
0.6531102271688243
-0.04013370421294432
0.38709882304082904
0.2068152510965642
1.8458780767887975
0.17276019963595105
1.6004445309924216
0.3325874258233538
1.419671712567556
0.4425562535908144
-0.03459360646571932
-1.2441533147484185
-0.31087772970421046
-0.034103398278349184
1.690912110098035
0.8874649912871727
0.9247240800236847
0.9159085394152203
-1.9062233519246738
0.953958760817844
-1.02901779676628
-0.05950913708468991
-0.5389786907895409
1.8978342326977584
0.7843530268602896
-0.6048513217750201
-0.46226342953530025
1.526356859823759
-0.20692592259172396
1.1230099413048156
0.12817228621935328
-0.6900509213128575
1.2961230737686313
0.28869885975551485
1.0806563439598598
-1.0100972191377984
-0.0967827203603653
-0.6025861862509604
0.3927225881866375
-0.4127843628376914
0.5510796696729022
-0.3792566338143523
-0.5234814020323989
0.8376603068720375
-0.47621093399619296
0.5953964269416568
0.39474875653768454
0.552460518024101
2.0168584111826697
0.14225983210606818
-1.2876880787823999
-2.109853886089393
-0.4414265450006305
-0.13400154590609206
0.9377637616932657
-1.4367503286819412
0.30187248437509173
-1.4612243734908812
0.14497139825945907
0.016984127247602825
-0.589761873667991
0.16990518123178497
0.59489529877542
0.3119054366966913
-0.12220072578579413
0.6509189795233487
-1.4712292633716966
0.9614433046266526
0.6325345464495771
-2.2122364888331782
0.43122089076970754
0.9595840682792237
-0.6415775799641654
-0.7278806520645952
-0.04881111448569363
1.1475994862930197
-0.5160736049713043
-0.6144967922696511
-1.0765378779713315
-1.2304969902905258
-2.542261653379957
1.3602362834197195
0.2499082836769745
2.0733392240699575
1.7993484856910917
0.3999749044735305
0.04976918403778302
0.022119352154123435
-1.8657994997670617
-1.1136655238196302
1.41445786671412
-2.1199243060948225
-1.6814142944591275
-0.8260942625414592
-1.6091539512544701
-0.6275618732372813
1.6435478193079536
-0.8239538698004166
0.8959383783687886
0.055837311329520044
0.004832598039717363
1.0120055634297234
-0.9764647027912166
-0.24702209436009392
0.22947179736428222
-0.16333026558854552
0.6897000641088522
-0.46881918482893015
-0.5084948975682163
-0.5505267418217993
-0.9894666432030447
0.2511873379000324
1.3515737001658088
-0.10188050661053218
1.641702732808146
-0.5338289843302365
-0.8735970215731854
-0.6644205218186383
0.2449504813590831
-0.8658668243972903
1.0824922646239534
-0.09233439774458956
1.5092780793507985
0.2725761396215976
-1.1297415279121843
1.1019790862450582
0.31679157862857577
-0.10564337631587054
-0.18237655460077848
1.9814837390738638
0.6413144450547498
-0.1468899702016139
1.0889917369995967
-1.919648196836213
-1.9021725366987705
0.5700204353659396
0.2188738577324342
0.21682453969688045
-0.2772682001638138
-1.4513995678756118
-0.6397926674467853
0.5132660292524156
0.7024349431905182
-0.6342906702846619
1.060938393277734
-2.4097013817037354
1.2035846202492395
-0.9149816278478917
0.9890869310243541
-0.7773804570551834
0.653266232752123
-1.0774373282693623
0.7057012737244893
-0.19494591720660254
1.2340170505917425
0.9630363467738355
-0.7867885409846245
-0.6693142193112765
0.5501418326398119
2.4581678188924774
0.9132870558277221
0.436077539417996
-0.8002159874349593
0.7204352003408131
0.9203194651667728
-0.9296787832202401
0.42422793704204426
-0.8445769014571207
1.5117274673011312
1.5781869729359836
-0.21112047401590292
-0.4412867093418138
-0.365910530729263
-0.09285458537597785
-1.184570021632903
0.5638781436592334
2.1621184888854974
1.2649282123485395
-0.26791027473418566
0.44608396917275317
0.718318933292145
-0.8504132117944881
0.05239771702161092
-0.4394008245501503
-0.6727508817538784
-1.0761741937730764
-0.7588011227314175
0.3836760360663325
-0.8034624590413194
2.408848295710284
0.19627798372289162
-0.16416535058979265
-0.9568021262283831
0.5434831996560128
0.2711938179944132
1.3941095283240919
-1.496147784947641
0.4754593205155342
-0.41223619197476846
-0.6515542739650532
1.1552566290476096
-1.2870280952388475
-1.3798013792416093
1.1808316093601068
-1.181404476236167
-0.9894412055305307
-0.08201547679698905
-0.46698821171405225
1.4925718849477811
0.4569637150421699
-0.10587751631553984
-0.12082041965463951
-0.28829440697452485
1.418768337983267
-1.1693230639613477
0.5039600959699314
0.48565881409508566
0.46308451505675335
0.859204739850865
-2.3292952778044627
0.9435360218230749
0.24560585585524639
-0.3582138961609504
1.0184735326349166
0.8971405414925502
0.7761491444483771
-0.21304049974617079
-1.041293653757016
1.3716367785583563
0.3970945692162194
-2.13603644032216
-0.9028271330103265
0.05822322885322319
-2.3496761826400565
0.7508929400679205
0.936323743071913
1.5187355109076035
0.7742870459508763
0.7416909521602244
0.15138259061495296
0.25053991646980917
0.7322053247745911
0.2978500167076013
0.09639986982604543
0.380674305045049
1.5146285687747378
-0.9774987923103147
0.4676630983652836
-0.8037922361290442
0.34160499974656144
0.7724812028635548
-0.3729353789493796
1.7032178282357247
-1.4872167573186563
0.13838208659565754
0.7137957606457043
-0.3890312305731528
0.7577478335546644
0.22545743841256055
-2.1956499637032634
0.001327555129682859
0.11250302686591132
-0.07307040330067606
1.529515478640747
0.0009133866556851391
-0.9680442637184994
-0.5032509427616796
0.8379171971450051
0.48419846167542396
-0.5145198613943438
0.7976490483908957
-0.3827988184270245
-1.3956319123478451
0.49314065963765763
0.5988739401358029
0.7794379041270552
-0.8391824427385681
0.08628915871370181
0.005407633120778715
-0.8857806423167326
-0.736531463650699
0.08957164717304501
1.0843621983371625
0.9235436126214623
0.3417834692727251
1.514050900448256
0.5915921476033158
-0.7020919540780101
0.442050267508788
0.36466967940294165
-0.8914397594992173
0.35680999077832065
1.3412045699836492
-0.3119488618938941
-0.2977104966065145
-0.715783018158288
-0.029055241685200565
-0.6582133635683989
0.01284179256707435
-0.6242579613280572
1.1821498062305553
-2.5675167246983204
-0.8551683611657409
0.3019518760187336
-1.0029388166667605
-0.20668586502573255
1.9827268318837707
0.5668796145804388
-1.412457519432349
-1.1164313855002999
-0.6886345597938951
0.30392865093315613
-1.2587812985215927
0.3941775545349994
0.059143547320357266
-0.4301173490906158
0.5630488301045882
-1.6253530334521078
0.21346684701415838
0.3405345610987399
-0.7815100881178513
0.3818124281769244
0.313783455226118
-0.7959990963228194
-1.2783956856184224
-0.17141754350162636
-2.189244831777573
-1.0734184591250175
0.448259132267895
-0.23069642875454782
-0.28904116067341395
-0.6689239076723348
0.042594059367143985
0.9799095485104466
-0.6560403982187386
2.328809443723421
-1.2382961427614259
0.7800587590591216
-1.0183145708051908
-0.9930806954120065
0.4068089694963798
0.042101716284710496
-1.3994746381162453
-1.8020172523088247
-2.0839695766733284
5.979670521171262e-05
0.29761864921957415
2.3348082557914966
-0.9240713318953364
0.08740168056368997
0.6134716837220469
1.130665504490381
-0.1683585801680919
-0.40992899798922006
-1.285719078587938
-0.15889419312263187
1.2201519415992645
1.3990122841471373
