1.0390058473203372
-0.44478614773050984
1.4134438893767172
0.3855938643759799
-0.2173008846482643
-0.09868367891872903
-0.9113335493945391
-2.0726005818200144
-0.450907459811218
-0.32366814321035275
0.47158612624221896
0.7159381317364315
-0.4987144969733382
-1.4012844053743425
0.536906347387386
-0.9307662962420147
1.0036629512368642
1.7181786532441496
1.0538371075343946
-1.1182771851292732
0.3780316796475239
-0.7310156408055049
-0.47900339923312923
0.843648719259851
-0.40834988239593506
-1.3360093013009822
0.5076135525832594
-0.5356514251927624
1.6785570437169737
1.3839876637597441
0.6201764584427574
0.19320437024231457
0.7507936256062311
0.7455338598887437
0.8063950760584753
1.3208801637516054
-0.9548064359043125
-0.5321405479871932
-0.33790216915288585
-0.2943722439083509
1.0168857167272924
-2.133475906189643
0.30786102549091326
0.09663089823484212
0.41656946638366277
-0.9403505922642975
0.7859694509867166
0.0436107807191628
1.6959908640823438
-0.13167473272967567
1.8666787993302005
-1.1213130416921788
-0.8640596125583639
-0.6563060573686949
0.39356185274701905
-0.5202365371196075
0.30154431731776365
-1.0352294717711554
0.06377797658434013
-0.8454737858198067
-0.028573304203297185
-1.0867691162165565
2.791795411069246
0.4716449213528785
-0.368025634930833
0.45824309576624245
-0.1787696291707112
2.5609566649245212
-0.6684702313709683
0.371368693397017
0.17141039921685164
0.3695695085302325
-0.2784385442663484
1.0374482418907862
0.4944588747860414
-0.8896384041093006
-1.4716344234574552
0.01866252183539684
-2.6488215047897907
0.9403326916694447
-0.5589460467010227
-1.0431020740107797
-0.3585022576522766
0.07987300389029846
-0.6138015915494283
0.7646325849531538
-1.0818597439888795
1.0013568025932853
0.7965709989296965
0.3234784863002153
-0.3763962158368237
-0.5234241210980202
-1.5779939429906422
0.7455651803667025
1.281002147197501
-0.5234184725616092
-0.6991592475189081
-0.9921415715903859
0.7578567146029653
-0.2991196748330543
-0.6192276486067027
0.4696732443275664
0.35370104964183013
0.12608587429649823
1.161735931784181
0.19710905883836566
0.6778805703860074
2.3925308567127934
-0.8649998241151464
-1.355826627579895
0.4885290078073065
-0.15469165844121863
0.8847836231711285
-1.2114166854747948
0.3218270571248569
1.183961152351961
-0.2957738478452385
-0.36471202178801254
-0.16191122575725808
0.8401677073532473
0.37322621488181196
-0.7517692718720074
-0.04817448899104038
-1.947107275789437
-0.20297174319828126
-0.7331236673663031
0.14680974293155746
-0.272706458277848
-0.3200353328855635
-1.2882043046203555
-1.9639685013832395
-0.7595884117769545
-1.9888605313600833
-1.17519103983027
1.157611773657549
0.5755819291137545
0.6570898267402647
-0.47114154853345314
-0.5076234272017837
0.11970641715420949
-0.06687254215375912
0.45524169498780004
-0.9935940581597086
-0.3947978637944052
-0.08713486297390942
-0.6823760774033976
0.8339823282540557
-1.141894622564739
-3.3861725781628835
-0.9059851848508673
2.4573237034984774
-0.3286600035128452
-0.5580622017331135
-0.15947829927871165
-0.13515131484528592
0.648891594203951
-0.05791537044263993
0.4892259211205276
-1.7749388296967916
-0.08357240581536972
-0.5898818651961314
-0.6733713004386993
0.15288628259077197
1.2539437772913933
-0.46909185070527537
-0.17250503824846655
-1.4900768321318325
-0.4481428978170163
0.590565786760632
1.8671339304099548
-1.5040669634730146
0.17454460723495543
-1.0443444133819189
0.24920160699614882
-2.2814888653238103
0.50704728146221
-0.26452070870590083
0.4768878138075276
-0.4251987702095534
-1.308122375926935
-0.4383144386029149
0.7948439586271568
0.22582659531927524
0.33363453834367335
0.06527410458081478
0.9254256698987542
0.831710773535152
0.8917101340940359
-1.4262452788264106
-0.2317522902010344
1.0644808413274585
-0.710792120822067
0.25453183343377883
-0.19317259468175182
0.3028128720827837
0.321325445607247
0.5834955482244282
-0.9513037242614659
0.29822444428615724
-1.9672987584783515
0.8561948512827172
0.888693487690075
0.7911972090597708
0.142904908634148
-2.712575065098659
0.599395603230142
0.07490730581103477
1.9783254766294902
1.2129702887677534
0.551872528493131
-0.1091576262536232
2.4147122462961335
-0.048105577478389075
1.080600738672094
1.11232219406796
-0.6180094280641193
-0.8036950433607943
-1.0404114255078754
-1.9689729269022775
-1.0678383348784846
-1.0121992510213977
-0.6260836060529125
-0.7622571416891089
-0.16972324847679238
-0.2412866843522702
-0.07970350998516754
-0.03857676192822819
-1.1476633254384054
-0.7968785959515414
-0.36540304821208786
-0.5642141292042299
0.19786039183153187
0.2884932296821403
1.055447268210942
-0.40275303051244327
-0.7331104858193195
0.022627701121840774
-0.12221780248265635
-0.027502213912546414
-0.17815238902450808
-1.302860911539338
0.34627249836378043
1.025641477099564
0.9444805528959969
-0.7377461271090145
-0.45700416370392377
-1.7501838910641054
-1.0921398478390965
-0.6963503051336557
-1.1357015365633842
-0.09226086942556462
-1.279491478883372
-0.1907888506184947
0.1811766051826779
-1.6567431212906616
1.0617962800150025
1.0240303592277415
-0.4863616702432654
0.35077889748370195
0.3727212136551139
1.0141115339306908
-1.1486416780324382
2.085054398655133
0.6706774949332328
1.0357508621426952
1.0147864453182374
1.1825028887207296
-1.3375333711637523
0.5844871906739962
0.24026329625743859
0.47025247745543863
0.017201150399165907
-0.11393352147445526
-1.1456883816532437
0.7764679627620874
1.1703790545929442
0.5264987060340653
1.5569166579783724
-1.5605133934024913
0.3939737956142849
0.5318828734158113
-0.13146371119910616
0.27100216190570414
-1.1606610407400728
-0.0795519275864879
0.6803271374853149
-0.2326760110717056
0.13999816713544444
0.17114591977515872
0.6574296144390422
-0.1215640139287584
2.2902056140900617
0.6637196199006149
-0.8786133035817196
0.034190390363507246
0.23321162183971153
0.7097610730902095
-1.9964283254803137
-0.735674059089005
-1.1015032261183622
-0.8646352194861459
-0.4488038846465783
-2.8673376056043822
0.5381956758299977
-1.199989318703764
-0.48285715510869653
0.22689805858520848
0.027035934696095276
0.18228123371629143
1.4767011125394345
-1.6118706244829757
-0.8333628070114996
1.2665743265519054
-1.005802149289928
-0.2262604936144768
2.4067767485895586
0.511934034574703
0.5883260690302807
0.34413699755444965
-0.6612783657070127
-0.9921665096245695
-0.4687197515734425
-0.7432209378519782
-0.4661798654449075
0.13349528834111807
0.31860102428710807
0.8140476367034113
-1.206488802674368
-1.0433792927398053
-1.3446579412583604
0.1798480083925359
-0.683191916258164
-0.046006095871870385
-0.6765994776217577
0.37779592211966456
-0.4118938784884709
0.14057311026351965
0.4795168979532736
0.7312020694675389
-1.2093782441673395
-1.0411660098035398
-0.0137358182309242
1.0096816518179055
0.06908024068535008
0.7994321223972358
0.5881997891664691
-1.1046051312099323
0.8484747971360428
-1.2460479627149375
0.04012013892863296
0.5775308130607057
-0.09184720439972478
-0.07756714640660965
0.6183697846751722
0.07386106465659287
0.4564682418884671
2.2711297677305975
-1.0071826825265109
-1.481951210538374
1.3225980982323453
0.7276076352028161
-2.116682052368093
1.1882405252793105
-0.5117488632281599
1.7428200366433357
1.5147907228362498
0.4018631884355157
-0.2698715036366268
-0.06775029470579634
-0.9470416073551896
0.16113994440287382
0.02757522246466037
-0.04199482589111575
-0.7061771970665152
0.6728537856459661
2.640335404625803
-0.40761653862818936
0.2007827475633137
0.8107021852817269
-1.2535226608021903
-0.021184213576706832
-0.3416327496461155
0.019982626026955396
-0.28203529255354104
-1.207338981986181
-0.19162884909325376
1.6331419862358427
-0.3011429076730496
1.9685680188119172
-1.3299828086336958
0.5358716199260094
-0.21354621660942777
0.8140945461238813
0.1716492505770482
0.07268439554427057
0.515437854851533
-0.7023866343762777
-1.0034986664513834
1.1564880710281396
-0.18251294152098937
-1.1400761237224004
0.014263464943612017
-1.4829468007705489
1.8667289347997318
-0.5605395383225505
-0.11669199545042928
0.860430893074625
0.5434392323182646
-1.621427718791688
-0.9324798831654177
-0.390328114356007
-0.06386542218548918
0.14180878122074406
-0.37692370234334666
1.4184030356152935
0.9718129202232105
-1.1401319138728776
1.3604144314804008
0.9645463151941344
1.3911449825701636
1.0467571823403443
0.5617867435430405
-0.34093763394983406
-0.8069991354596965
0.28218947754724416
-1.3306896794791019
-0.7076124635054191
-1.4755634951666885
0.09702024870820697
-0.22002886631082275
-0.08159876361203545
0.0195063456968359
-0.602551600909852
0.6987837716563342
0.47078435985242345
1.4403105923664055
-0.7331338391397808
-0.7788623599031302
0.5925399895550392
0.4747359432821743
-0.01931219222223173
0.24458338760216145
1.10923489143334
-0.1676096475888142
0.41989301648736077
-1.5992409362203863
0.9850966504094082
1.1885358228881524
-1.7008428020491106
0.5524611795005363
-0.8147525947776953
-0.6139623917172428
0.15460659152148046
-0.4862643390979258
0.05149964952637031
-0.8057312087642444
-0.9036915693021672
-0.4686005361536291
-1.473184579185646
0.5733628038380062
-0.6048331683527703
-1.4774448578446344
-1.298493841590328
-0.6483950108294132
-0.6625044101550617
0.20633422702270843
0.32713574031510134
2.929075823594722
1.0727606437561428
-2.672121699017748
-1.7671593067005822
0.7389699274126883
-0.9907324738878094
1.3220756971478662
1.0679508457734315
-0.6349016976655972
0.26965205261931535
0.16011917089139122
0.06068165295537538
-0.5100043486426334
-0.782371352795379
0.7627585135304464
-0.2297882666146949
-0.622783273816252
-1.074655014731906
1.4934913460475168
-0.5304221758167786
-1.5418304406757237
-0.5156539711348068
-0.30687206274376266
0.684905846415461
1.194426796866504
-0.9383469837541402
0.533896779634605
-0.658927275259682
-1.067726593394737
0.15529135668991648
0.16292569362827786
0.27501804155915593
0.12007231605064733
0.7787140695154234
-1.4087937889067474
0.7020528280648306
-1.1046557708360538
-0.48834589262001554
0.05012624239020279
-1.4246869862379203
-0.7399692918101605
0.7776442162702446
-1.6304846255760725
1.151901744985637
0.28125434607163413
