-1.2099844357237226
0.5173885903082226
-1.3697198369660653
0.392108772817122
0.0011287722558052573
0.20727680244498378
-0.5621387227992156
-1.289903841188761
-0.7444451502511602
0.8102197312740318
0.7507846123118954
-0.3087364240075641
0.037783381036723344
-0.3389459113740932
-2.118473139354854
1.0292126279499312
-0.33395294661105873
1.0348364431047434
1.8953264952587137
2.495701322800883
-0.19247862400267957
0.41715414536858636
1.7246497974191666
-0.5167578022070911
0.06217634703920662
-0.22468618712773952
-1.3887611491722274
0.7236697961701442
-0.6475327805098383
-0.9355456388638362
-0.6775797773058208
-0.5855280103807663
0.6334052144549953
0.2574384790036144
0.5658052016341151
-1.0803849603111968
-0.11821416054480967
2.0210636936591615
-2.9208789550840253
0.09724898577127489
1.342605626600084
0.722544762030439
0.42055904836804237
-0.9035060156367081
-1.8976611075591707
0.3879177145274391
-0.6311510016722227
-0.3549818606650641
1.9202950769340879
-0.2788804722902387
1.4381793476035967
0.45021361962759576
-0.37227217835879456
0.22528682212236228
0.9881314092076058
-0.3496638849350631
0.2443932681655335
-0.36906938310879456
-3.3488739534329786
0.5826470870421339
-1.0789718848737317
-0.8010344011727273
-1.7751416391945147
-0.15288857585096385
0.5193692310815369
0.5814901009378323
-1.153764091680968
-0.3480568599874645
0.052079131818802506
1.1376362781255323
0.4458990645502109
-0.7568324547214519
-0.8710517273682279
-0.11866805247508322
-0.0448202727513947
-1.3246489157697787
1.9120774202302269
1.034507284852079
-1.6397560551378967
0.6697050076849472
0.019664089821532407
1.3806511359910574
1.3681988982424942
-0.10080020935933096
0.661315579469585
-0.3256356725266248
-0.9326760094763449
-0.9886100457846835
0.058207561482228304
-0.8998002599506119
0.9365301789047279
-1.1697945010348119
-0.16642051460332294
-0.03172653755350483
1.2116586716306708
0.0065258221978213215
-0.8956468938404155
0.5000353879337349
-2.0637684679939974
1.1166911180338595
0.33544233400660867
1.1759136720281842
-1.628904179038827
0.6461102953291242
1.1356804952526285
-1.917899431006095
1.7527739067734518
0.5641741884352295
-2.097949846589141
-1.1950164947792836
-0.4763536824892207
-0.40734389686580696
0.6257864873916363
-0.05025339081456361
-0.9142373741292725
-1.3237244083063489
-1.6178370642767443
0.9843501163581267
0.5488233864822266
-0.5467210366346599
-1.023252604707156
-0.2958412214193523
-0.7133600778533385
0.1355240536281681
0.5995963759900504
0.8127022098145475
1.9321158908430052
1.5427855674486857
0.96849979865846
0.891385924954214
0.43086787768545926
0.27959286550663076
0.8623376492427484
0.15115214300062382
1.626620269426901
1.2315130949458617
-1.2557837151404083
-0.5692729734482614
-0.49324690140901684
1.5301497455135156
-0.49676036991559175
-1.0173194392932603
-0.3769381381174619
-0.37453850110302567
0.239952874037903
0.7791704487158038
-0.4197270178421398
-1.5902562187354203
0.7334083395246968
0.44533588953281145
-1.4488268695449495
-1.9059443896495107
1.7150529519713664
-1.4379064013499052
-0.05594305265264654
1.2894906735170526
0.00032924187476476407
-0.6431836282470283
-1.2095254253671275
-0.012717867709598991
-0.18691510496004737
0.9089036047101684
-0.9789044273744527
0.6922711618198629
2.1920208092563023
1.099843272465183
0.5841393454096463
0.19214691033372802
0.5785456130846959
0.6169014893991139
1.1801269587285996
-0.24670283107967309
0.23228827342798986
0.36337298240401006
0.5372796121865284
-0.06455200056432148
1.331041335547597
0.7288408206734505
0.4053193097406303
-0.8271555731181424
0.4765560434019918
-0.9049199770164442
-0.5567596626149783
-0.24122939861820134
1.1912431209935648
-0.5204339870268051
0.767583787926095
-0.014903984936010268
-1.6142639252564432
1.1486938607425605
-0.3530755823021796
-0.6088537236892417
-1.1244062329638522
0.062046329697190074
0.6536030878722401
-0.021999681485125624
1.0675707000643795
0.24513444003292478
-0.44616377739345303
0.5070476000166355
0.2824303219599512
-0.8500731310164198
2.2473385258690044
0.37426785202306134
0.4359799881340915
-1.0438219556198045
-1.6703859090627995
-2.148191228164816
0.755733735646148
1.000310605963891
-0.2537104031655268
-1.04065913818792
0.36418242543898405
-1.332786955763387
-0.12863154735629487
1.339546924851886
1.0100322782903997
-0.6392235445122169
-0.7138064564119756
-0.3555907954863445
0.6285664089416251
-0.9216845316591876
-0.675516808797382
0.8099278752284794
-0.7222777335101142
-0.9659313215495177
0.35255727187266245
1.1621209778076782
-1.398386436837087
2.2965127953998663
-0.8116773311509634
-1.4226347079934674
0.8793950076620205
0.044923113249952976
0.7361408976548943
-1.6687836218626557
0.3051809578464952
-0.37161892428651394
-0.3164021672017856
1.9244164348410033
0.5628358788704327
0.5978614943375172
0.5742967300393278
1.7982317298844168
-0.607007494617527
-1.2176791112710408
2.08198791767651
-0.8715956224963236
0.8381800182608964
-0.347643771247272
-0.21285075907274298
0.2259054248436338
-0.772857964148602
-0.7303942899793692
-0.09900525481895647
0.08568168872058494
-0.2097615495117665
-0.6794296267615931
-1.1037019933636316
-1.2622142331233008
0.7644815595613084
-1.2099170400671402
-0.5223785822546514
-0.45644519684047585
0.33107584723687344
-0.654254787353592
-1.0477541017315286
0.4817133394842465
1.7252177883598754
-0.7394344683648485
-0.7061825395847944
-0.12877716430481004
-1.0261512431119129
-0.23475236838144362
1.5986020007435704
1.5920069485476978
0.22615047630683538
0.1598264918029706
1.3818427295728444
0.21077018463456101
-0.29401469169241257
-0.8329007772331406
0.40757530134819947
-0.27398202640406255
0.8944561204879077
0.9900168859113818
0.8291994719462231
0.6306925155209584
-2.572036939051988
-0.5223637742609951
-1.6300315013859425
-0.4529044545433203
0.14294033539491516
-1.6497601081379274
-0.24453599998244355
2.331540059421162
0.9385132603395451
-1.6883548582896706
0.13879256858434644
1.223123560419642
-0.5787545843522903
-1.178753179314131
0.055796768692586894
0.25817544161929085
-0.636591660101936
0.9953930007103533
-0.04841439073557424
-1.0752235898869313
-0.18068379590796435
-0.3232928197287437
0.8167812795963704
-0.9155940271588594
-0.740465631702484
-0.37763587586203595
-0.10402338352978623
-1.2924245414310114
-0.0641848384876119
-1.0518104080037658
-0.8440695834396876
-0.2799260046292285
0.6085916128787578
-0.5196049182206971
-0.040033091350547015
-0.05295673262397286
-0.5672605847106369
-0.4632312846425333
-0.6188658344411516
-1.6457153699113987
-0.6104190270441755
-0.7943641688846161
0.5616862247804245
-0.8209816412320075
0.9654437955771248
1.9566690390973744
0.6815271076714206
-0.04444947872747151
-0.26247564943031304
-0.9269578926969735
0.0824368141084038
0.5223529069436085
0.3513935006894614
0.19630432513172666
-0.8727318185688123
0.10141091880117785
-0.30279672153108644
-1.0877907123417532
-0.657961492476662
0.43551974284765066
-1.1256187964299587
0.6878952527730302
-0.9601758274611613
-0.13515274026934324
-0.7721877274214735
0.3117297410083608
1.672699982626208
0.8990153680557659
1.2578869826443073
2.3513664671710335
1.2941882015972586
0.2671560636401848
1.798260455915796
-0.1769836288539188
-0.7426242995224773
0.12033568657145051
1.0496877409179635
-0.3589525424814828
0.542131346194678
-1.1903398832588967
0.159876011600584
-1.0505921235874214
1.4400285818230423
0.31631532093334663
-1.562537246739215
1.4075096570813315
-2.243443543727421
0.07251405380973427
-0.4874805614349154
-0.013667944987811867
0.8253404851087053
0.01637517107864541
-0.3413563366277219
0.27431381797580806
-0.4041080204110388
-0.9185224449233604
0.37539326389069194
-2.0058475981474597
1.8325002897389997
0.012334366465576256
-1.1483333754663683
0.08567420922752361
-0.22696524619601832
-0.33358649925717215
-0.689801217188552
0.7413314540466471
0.07414411619959381
-0.606884410635853
0.6091956443598346
0.3358789449503975
-0.1847460317768079
0.8573873925372091
0.5293988593022062
1.207549846266014
-0.4732601758128369
0.12991837754458838
-1.0194044329910485
0.8743718599912014
-0.7346064843089828
0.5214363098159875
-1.8287999181588648
1.2059611917555593
-0.4744100036762388
1.107921723183474
1.5814572325651863
0.6342824837538877
-0.7161748835933379
1.5921064067353519
0.6912531212106778
0.8127502223744653
0.15732405013477752
-1.156505722908037
-0.38838591590783617
-1.022041709489784
-0.8140148731418922
0.486570045360055
-0.8115680477401718
0.9602908934123554
-0.6103908100278225
0.02096392879288658
-0.561922936633793
1.7833428192528278
3.134737925504855
1.258738230843985
1.3972216718940191
0.8803443904121592
-1.1008280223423463
-0.1527428241030682
2.284235029382398
1.3479838010997105
1.8459734528327965
-0.29039404474927644
0.6088506425689855
1.4421237945402514
-0.043432966549243154
-1.393065308080107
-1.9710683194773728
1.0968234434815356
-1.3305608889531761
1.4127453536717063
-1.1806829723847507
-0.8430060268880419
0.7809078333700721
0.40751425265570335
0.5946233291710089
1.4374538085381687
1.7333822643708885
-0.6279626867645627
-0.9850732350139072
-1.0428241543594914
0.528748598083114
-0.2060890880679818
-0.7020935724645834
0.8637475615138578
0.8359862839279011
-0.9403712979391056
-0.493461629273859
-0.7046128666631855
0.5990236131828519
0.5356716628738701
-0.42908083031605987
0.7460019957352726
0.2096503530661291
-0.6801289492457269
-1.1298750789537841
0.8043464122808549
-1.1444402118532981
0.8094195736914293
-0.5303161533088404
-1.0809924517578418
-0.7761075305446116
0.7363445652996312
-0.4999069722324518
-0.33906943183732724
0.944129696321734
-1.4593486538717853
0.03312077910819359
-0.1481496503172798
-0.05329143850973008
-0.34522510308389337
0.1159800234408234
-0.5135944658399857
1.5254619315278954
-0.8736826352168218
-1.7163563498114847
-0.5395471262519173
1.4739452126409722
1.599923879621771
0.39755696937960866
-0.143919894468523
0.5450048829923497
0.38578769654861417
-1.6398729675603723
0.9642905849657973
1.5588307682959264
0.8215708857195541
-0.2978554457658905
0.21986328950751174
0.8242635765042515
0.024934568840704368
-0.6237693115425109
0.3824163275140073
0.2734874066278418
0.01868935311403439
