-0.27841093914232323
-1.963247026713432
-0.5744996032106158
-0.13419380738025324
0.421236134822428
1.2791102652776702
-0.6413550811213878
2.0214970763624414
-0.7891181537108719
0.403677311912742
1.7831670680721114
1.4263712879591086
-0.0661671047034925
0.6044636232954348
-1.8367769594337024
0.414656718518012
-0.17546368741950533
0.7767919325056405
1.2812492312297188
-0.46245538906153655
2.2335599690507535
1.8187407828834985
-1.107811880439198
-0.45765139351838247
-0.708681853261443
1.1588536855129616
-1.060955484632243
-1.7374823901595566
0.8506278034200754
0.39109742050822227
1.2972664860497003
-0.8882358724912596
1.2144145672347855
-1.5637019621023267
-0.6179250359456726
-1.0954529208670187
-0.19096487951484734
-0.7837964621148817
-0.8713485139695678
1.4329967425768388
1.3273426051918724
0.8509060881788305
-0.9770307399326214
-1.4982361787406118
-0.09394487236678135
0.7500884762150679
-0.5134917641994036
1.1173327233955224
-1.0767094536162942
-0.7646078269993968
2.1259905220585984
1.4338775014417435
0.5218762250587932
-0.13453804962371332
0.7234549882616341
-1.2472596419391695
-1.2803506105956455
-1.1121395309601927
0.05906169616645753
-1.3282747042828993
-1.1253012008100327
-0.210030129292063
0.6410146347086916
-1.2915501515510694
1.8759856159836126
0.15279862832515842
-0.4946078577517509
-1.4091171788450552
0.9698192021439631
0.5866548292383374
-1.8220223326051648
-2.5336436033912677
0.09799179486291532
1.6304582906016722
-0.5766072489765414
-2.0240789192266457
-0.34361752835012654
-1.2723923364655436
0.06458276354450199
0.8986544089575695
0.4498790786207935
0.5123770964395731
1.8026903676490398
0.015517280598539995
0.6107202747605778
1.4374137071337554
-0.05215890758937598
1.4520321742251425
1.3187105323449186
0.24671522729945525
0.12005263608877552
0.3276933297024011
-0.029476254229080637
-1.4601433369678216
0.516702702816762
-0.19296801513052436
-0.9547936370079285
0.58666849351324
-0.29246148557064683
1.2327571299186673
-0.16032818025771017
0.8473683508149806
0.8259489003849197
0.3205031684605704
-1.170200157296575
1.5338011888533614
-0.5354478999837047
-2.1398307015395823
0.23754478323552822
0.8109649118045157
0.42555702849547
-1.5312008869558493
-0.45272355247530166
-0.8187053375168797
0.6143264946873243
-0.4669598518570633
1.705988584963589
-1.1382647656160427
0.3637571167360028
-1.2166425686045406
-0.6914956778120709
-0.18338568425595897
1.1175799119298417
-0.586786956940836
-0.3314463085257407
0.6209726224282057
-0.035146508734486465
-0.9892669248514345
-0.5375945751533209
0.7605445842003984
0.032087040224115175
-2.357422558655138
-0.09733042337491944
1.0754184564483444
1.0477438457408952
0.1138442400355252
-1.6922317997378482
1.7833563224949645
-1.172050635188415
0.5394459352316638
-0.4440996982718477
0.6218281850072335
0.2174526484643274
0.6128658061301578
-1.67748305780563
0.8376818153203803
-0.19272604792163847
1.3643326500997779
0.9162637495201146
-0.17092299207521855
-0.6574340077172501
0.7096267983237279
-1.9227083033087153
-0.22165428148967833
-0.10141650797280923
-2.1913076888622176
-0.5105560269621142
1.0340767699384015
-0.18083868867960398
1.2479028378994412
-0.2599454075415711
1.1155855992847947
0.04351245256524977
-2.3191270776550317
-0.2566333419303224
1.0162373902046429
1.0126856385123926
-0.8117878921972663
-0.12261361534968886
0.7658203241767287
0.6063668528740198
-1.5900908256618194
-0.6880694019801018
0.9817626732452643
-0.2717699723188414
-2.001855301169531
-0.5272789454637159
0.24629248330584388
1.3548332494186082
-0.9671804543259676
0.018903212210896005
0.7685987738590618
-1.4719525652585461
-0.07581123923646407
0.8332307428971375
1.3264010162853126
1.8543823608059444
-1.7135161823176968
-0.7875921828368759
-0.5358464271679084
-0.6384621608797871
1.4485575994039626
-0.5812935362345926
0.615617534050042
-0.32769178808252053
-0.6433609735329566
-0.6313008444831897
0.5049633219310676
0.6915563329317611
0.623620525050981
0.6364780735982509
-1.6965826919132962
-0.011264668902417256
1.3467824749509136
-0.8179765227121153
-0.07001115170226976
-1.1056440513721466
1.6514380386893874
0.41587945708766677
1.356730533278457
0.8959924573170859
0.8673161283142832
-0.17579494790280004
-0.01658402886911035
1.1333364012184086
0.5371657135879964
-0.151125406099126
0.17240899543732274
-2.5440710399609907
-0.27579467794006957
0.7669096560858754
0.37369713597146703
-1.5327083808944368
-0.49681230550601946
-0.5035038926797052
-0.5600672658326482
1.1087861214905343
-0.2381570078794899
0.24526000502112602
-1.030443551998172
0.5553313748773975
-0.5656826198308259
-1.611831178909083
0.07000738140925292
1.540228487201732
0.05324947918288691
-0.43034069788643076
0.8530659761812768
0.7962804504369072
-0.16157155600794035
-1.067586405141772
-0.7260706426806316
1.031898721466542
-0.9536975450905744
-0.37493693776374515
0.35744903279636414
-0.4572588266170805
0.115042752500517
-2.437193814660728
-0.8000206710024371
-0.27631159515549925
2.437902562739027
-0.8120899744677804
0.40520382557545986
1.006572837838988
0.33879753276128427
0.8660626774813043
-1.7908938924036244
0.9274662851371889
-0.9056383097040634
0.82180152231282
-0.9108853430219775
0.7738108093588691
0.5827955910122883
-0.35343187540948573
-0.2180266689881105
0.6946231929627978
-2.073043817891649
0.26228228036738394
-0.1051281388731313
-1.1513108038544273
0.5052220453892653
1.3195919275960577
-0.38402464805701
-1.9229654106350598
-0.08569817294634399
-1.459881703365249
2.1088851853835746
2.1581783579774414
-0.21240503820764922
0.19558618967083027
-0.07911178986233172
-0.5254293121702364
0.1680438755669695
-0.8003205227201509
-0.8615523697367928
1.111354741610441
1.0215907316845387
-0.7381600376489733
-0.937055105179287
-0.3907171938693362
-0.2927378462548132
-2.0036970241325047
-0.20894669944346234
-0.21553602538798172
1.6461270126398577
0.2055623489415475
0.6379065219124801
1.8905629994876023
0.25070142210763996
0.4552489924886857
-2.948097599316287
-0.47967563497981447
0.14984153468652484
-1.3646474555523616
0.5796118962129256
-0.648037505913494
-2.1414729519062585
-0.7800403246538065
1.5527664663631746
-1.0761350172961253
0.9172014763796758
0.7952493711493905
0.1387117421432273
0.42266539356724714
-0.13673999098047931
-0.21811267256660954
1.7861678350471457
0.042807007613068826
-0.2672884818386682
0.1060419118780873
-1.0267163791809617
1.2070513125694367
-0.3329914379684425
1.1852065682774162
0.7623933195215613
-1.0303590220634882
1.4006119903401864
1.1032269622423514
0.15447786467953106
-0.7683137147249856
-0.9316954783845809
-1.691618226726109
-1.9098913467977514
1.3316495181310422
1.0921805178723654
-0.9494420996109056
1.067644818010162
-0.0418497630837051
-0.5609375151531582
-1.042544283676526
0.10900450362493315
0.26478091427515776
-0.6858300472223507
0.722565813108353
0.6503155899223346
-0.23947372028491049
0.2431059644177823
-0.8285778869361978
1.6153991681846736
-0.5600843335888482
0.5301781349280341
0.030416532344818805
-0.5332136482737266
-0.1435196662052866
-1.4782796997691656
-0.758953466198897
0.5898861485440112
1.37115098474067
1.6986178022945253
0.6536579255024668
0.10158900509005751
0.39281524718115907
-0.3566342268345913
0.14986299187853677
0.047515059586381254
-1.2021296988450296
-1.1425508338579191
-2.430719354839017
-0.6428245073690685
1.2593494624269788
-0.31673733064009074
0.731861655765091
-0.9269472670906558
0.5159708952983415
0.8072646938779746
1.2278182948338519
1.1230389479856624
0.8813146967484797
-0.2198679684412747
-0.151138159301723
0.13782586155098803
0.2050301251371271
0.26821742625243894
0.2915998352505263
0.16472084227735934
0.45171692973736643
1.1154446599864964
1.1856058411893642
-0.622193324129396
-0.35385071046556044
-0.8817665489676043
-0.3323157856115443
-1.2975117891614998
1.223483614059749
-1.684768236506631
-0.5512879689565295
-1.8675222909224616
2.130455191285376
-0.4717513526611954
-1.791093698924991
1.0376133941773853
-0.17643458368685958
1.0103332865915213
0.6484066275119151
0.047158617198758995
0.18992254589065832
0.13378721186003817
-0.21303754935724503
-0.29436496429055753
-0.13167849301890935
-1.328523948144487
0.8976632983749505
-0.043515383292518216
0.3747271317741453
0.406138863108525
0.541131034729009
0.5331327088612684
-0.7364857805832766
0.5643169151812041
0.30402707880738117
1.149884356887075
0.7421779136364925
0.15472326046638565
-0.8573572952754936
0.2712120949300463
-0.050894661696679416
-0.12521140757057622
1.9313554390768817
0.28919669897354344
0.9212800418407122
0.7890845843912127
-0.46479512777611676
0.21140643207921128
-0.07494601586242464
0.4628311080167667
1.4216414662317474
-0.748953733837751
-0.12585361412122043
-2.054055418966135
0.1349701043079661
-1.5227703035545916
-0.9904235099948329
-1.0329879082827158
-0.09654811112364486
0.5104126843014111
2.619040088128142
0.4806965383096186
-0.9712468273314684
-0.034252499716962065
-2.2251620835252
-0.759552277354622
-1.0247601936800794
-0.20370573913861
0.6208201523068251
-0.013232748504620527
0.38771094903898673
-0.15218722413452088
0.9953565393073324
-1.1869226128691246
-0.9573320645776578
-1.1751486643244853
-0.9131693794083414
1.4770755033387435
-0.6822893977427478
-0.029782893741184528
-1.288228840818897
-1.8671215078795946
0.287544210896825
0.9059673273514633
-1.8002811312528992
1.4082506346126362
-0.39065623195246785
1.2460165657326725
-0.08299039985515975
1.6835884266452645
0.24887635972412572
-1.6158740071301672
1.177421913393914
-0.005975863286286353
1.4589958716695857
0.17140191612716021
0.24340357429396647
0.8359335188996063
-0.1811388511816597
-0.8264114176264015
-1.8537694755132155
0.4270013986134199
-1.4458418227959047
0.8237580811377764
-0.46695447749320396
-0.8772337269757887
0.3823729994449527
-0.9273459545995052
-1.528866426062559
0.48117344626172787
-1.3102861367934533
-0.6444482000099154
-0.6749295315646098
0.6886953149803376
-0.7568841491746432
0.6112624231622481
0.275169452370308
0.5347854895390078
-1.4173801060006412
0.5761352661416438
-0.1916476926282422
-0.431866594277598
1.5950409317203906
0.09791009844607082
-0.4799802235807774
0.4276294016375611
