-2.7716216215098415
0.3945103257797474
-0.9204949403693918
0.11633542341490762
-0.8436985778839698
1.6859757445444252
0.3089194350573289
1.026818374447996
-0.34006983217245174
0.06858905929557514
0.27742811388691757
-0.00544834515163942
0.048089492989869746
0.04346576255141604
-0.8965554172133782
0.678266350068435
-0.8067579691116631
0.4052874484664263
-1.1141189917322374
0.7100303784417453
-0.011053775234174428
1.1415057026047197
-0.6774891958007804
-0.33474669013615055
0.614832790545548
-0.8211775168499403
-1.303368481431872
-1.9233823709405167
-0.2895811723557478
-0.8847536050228526
-0.5137330055023813
0.0639474811618276
0.12441050173674499
0.6684615828206504
-0.2589965575052253
0.21755855589760206
1.2186787182544085
-1.1284010691806
-0.9822887315238717
2.105680627021649
1.0696399003294534
-1.8583190000114604
0.3315295945976159
0.03425287066122844
0.1057264002805831
0.7195548093797117
-0.250942522366251
-0.1465244690169972
0.5980915967101241
-0.01057332520299888
0.7169308423720309
1.0182434924987451
-0.20042578118374424
0.9896974034477182
1.4943794774705217
-0.06403619338277516
1.6017643366010943
0.6999399882885643
0.35573115612052697
-0.9508255531089844
0.3187926523829554
-1.0541328076884906
0.7264247110940717
0.90908157100557
2.8415176231567787
1.1105429447255046
-0.2921295928001761
0.23738727192880327
-0.13389511662027026
-0.04721923638352217
1.7934491806763961
0.01425736062396875
-0.5074558843418631
-1.3676431614402003
0.7544373018828723
-0.2687307384169077
-1.0858194200420221
-0.02432961776166294
1.5495188997122566
0.29396064908863667
0.7830616697383059
0.28330532042009304
0.35351768199542694
0.04087890441426949
1.0360019549561412
1.4785719964176294
0.5472007539680426
0.3475378415697254
1.1589440001958569
0.9511016692468852
1.4451842773987682
1.2410665708786686
0.05572362427377892
1.5340465574266375
-0.859083582605135
-0.34123229578133046
0.8302213506014323
-0.404540566879898
-0.23758639081795846
0.8838987696876953
0.29186439472773795
0.7409498583816492
0.6734132590177044
-0.07985838624536465
-1.4101766817398436
-0.47812325898583213
2.1357578308132443
-0.6258139212647332
-1.1461822558512442
0.5804752957680849
0.7612859226058749
0.17945023401508312
-0.8404755847563242
0.9289440891304314
2.2183391985109147
-0.37389326186167476
0.5808203885392829
-0.34778525319573256
-0.9120049888681737
1.0518479398402412
0.6428901694902581
0.1984093377613199
1.7734809261992963
-1.8788667971848645
-1.654595096297748
1.883163110181105
-0.06492424223935626
0.6302689448170672
0.7668693168384574
1.1749891897771894
-1.1363238436151328
1.6417853214571718
2.653961183555866
-0.8911255051325596
-1.046451700591232
-0.649253072894571
-0.8594296257920648
0.36475396237340807
0.4191372229271325
2.1672857656711377
-0.41241099879450216
-0.6294154096368011
0.25144716272337575
0.6860912284245658
1.1408250300884533
-0.8719707828955418
1.1761742545048441
1.3030778103507492
-0.7535979600607141
0.07265252269990674
0.7163979672099946
-0.4167063063474625
0.5242574492554525
-1.0210225500151822
2.1364603621717055
-1.3658693755614437
0.44668683999531233
-0.7427875237315428
-2.0767947883799045
0.33231887276508815
-1.8800240215468602
-0.7360250965422931
-1.3821671254091246
-0.9322611466319443
-0.1882198030007606
-0.32736229475158596
-1.5258653787713328
0.06981804246803913
0.9825592851188643
0.6560785250044276
0.039851005621076595
-1.2005872199378254
0.21776370090393174
-0.18337963501873433
1.7478625798854657
0.2695711015199014
0.07417648029003329
-0.734070173967073
-1.2897992184855722
0.39881752637336365
-1.2939453856877647
-1.0697889340683138
-1.0740265154469986
0.5426599737174778
-0.39226403937073034
1.3866150502855554
-0.243441916477311
-0.9430633427632962
-0.2617783066879613
0.8960638841815242
-0.24486990885576215
-0.9172501472667592
-0.13124552239264023
1.1128617121927815
-1.2334280611587314
-0.03964814775249657
0.5363599026101872
0.49747703518971204
-0.026049095810710493
-1.1436354546929617
0.8692999369823364
-1.2464181687469398
2.0474342537259207
-0.5374673283744651
0.40269483877079365
-0.14504796397502265
1.968773611600399
-0.6383169878570215
0.8365040635291479
-0.496876817846118
-0.5607512561685286
-0.8622974216650163
0.40133317069924623
-0.4320529371470218
0.22821922811534076
-0.37068223636500014
0.8144750428689719
0.25254102104209497
0.6124431420531835
-1.3748810586280629
0.5704075920981007
-0.9130152612166447
-1.186920495267057
-0.7863842042011245
-0.2747905704362087
-0.5225244460887256
-0.3384879413841964
0.2187687237392575
0.02456012099543638
-0.6711131825766701
-0.045168065448801996
-0.9848200804122982
0.7101280894749298
0.8069442748955801
-1.0369603154255282
0.11681743476516174
0.3661625556696774
1.048757882900425
-1.8308410124134746
-1.4608517174196496
0.7058960939457597
1.256762097704868
-0.6166638817366943
-0.6325808869667545
-0.556422107125236
0.22001530098694463
-0.8773685879264908
-0.2488357863267322
-0.21485747264812352
0.8184208082008138
0.8324624886747996
1.4618045068426078
0.13034453570015614
-0.6467160537304019
0.7913389665895448
-1.493091487093318
1.6077384915344302
-0.6294771831920017
1.1348720678570432
2.042651404294878
-1.055506960282265
0.13090122280500643
1.930180379964292
0.36781584621410046
0.22384295421870007
-0.32317676143058166
-1.5034387299014176
0.15045821727744307
-0.1091411233944421
0.5276337603772611
-0.912143553143819
1.4318975634790827
-0.36820062953246757
-0.4870796261949714
-1.0430465082033824
0.09843034400156804
-1.1615734632852626
-2.000883556780701
1.051156400474215
-1.015241167745456
0.5088180794304671
0.0776508875019298
-0.45694194739416677
-1.1362924927214244
-2.030967317182714
-1.3278829100195217
1.636520658770134
-0.7097052926892644
0.6408414023586806
-1.1169074173733948
0.04409000688068886
-1.4396854885620338
-0.7861719160098022
0.9225107856751262
0.11660676858160754
-0.5591863696306064
-0.22895580080619143
-0.6048883843951607
0.8855566483245448
-0.07143591230269412
1.851073267117861
1.1831502886432554
-1.5902025276260694
1.5465756819885095
1.5579672856329843
-1.7264528560807473
-1.1888769228573228
-2.161429101764882
-0.01746504793143414
-0.6298521548014938
-0.44537847034629663
-0.3861411520890256
2.3244798450462003
-0.4103002190716761
0.6560261020855787
-0.7204132517188737
0.8283717344373284
0.07487194066934061
-0.3697332243238448
-0.27031320704454326
-1.198244081940975
-0.4477050589707693
0.9338866635568781
-0.009982871556676085
0.3994487480584664
1.0842940611046263
0.3478184999826679
-0.3306739149244398
0.9006739938652271
0.3687697757021223
-1.3112912877493867
-0.958969574814928
-0.3378542947390548
0.6806954351315764
0.47891926708255905
0.616547446756725
0.041380504025416355
0.005477900715190156
0.6012629671244301
-1.2249778392833464
-1.1395540796574422
-0.6065116106358186
0.9483716799568577
0.7735410652097112
-2.0418390707969443
-1.28300670205726
-0.026043480229880678
1.6495142916316157
-1.2052495794021072
-1.0325865562439809
0.023841131450766814
1.0123593691241768
0.5088114649635973
1.2845286608043955
-0.8534599577641139
0.8392824205589882
-1.1152083319265103
0.1497742018545554
-1.171557424044293
-1.5562196284946874
2.4354773647397114
-0.083277744126109
-0.0752699391425204
0.5510243869521438
0.510170922352292
-0.4194583056463751
0.7899038872094984
-2.2567874183338783
-0.9303325848021295
0.2727552237496395
0.13587930146324814
-0.11545833969173686
-1.0797474215043725
-1.0677701574286953
0.41792027603830495
-0.8015068354975893
0.6431667137233611
0.3332805674082621
0.789688750800088
-2.036891994494775
1.282686868602047
-0.6904145329517695
0.3598043161148686
-0.22270845373098994
-0.10264810855161599
0.08874034597627667
0.27804457726210247
0.6126629578483661
0.3998785801827242
-1.556080825061811
0.08649533076165032
-2.262247045510681
0.41022624288494625
0.5772460776040578
-0.534362409213297
-0.23616971240512663
0.41907704996076045
-0.40019039036997234
-0.06825989673928089
1.5252986200507013
-0.5425970249497967
0.9560912691128783
-1.7663526830525338
0.10945896256840248
0.9026503298263795
1.028512983728642
-0.7733184882888523
-0.4942378381358318
0.8764822712287835
0.08702377499958684
1.5157377843113171
0.09571468875563711
0.717834865139502
-1.145044027272369
0.20665464687783558
-1.1828688300470873
-0.8864244365301952
0.5198402336604011
0.3160431456094502
0.3511843365125881
0.6764416807821726
0.36240168012137003
-0.8657489412941789
0.975181848791639
-0.4864564674721321
1.3314134476774442
0.8467299226930967
-0.4755778953490215
0.36180251423874543
-0.16350490869925238
0.3469093207864835
-1.42738608489044
-0.444408437363468
0.1422905754980517
1.294247837545808
-0.10634180382092782
2.2025584197499115
-0.6522574307578995
-0.6554200279303681
0.2002351525979799
-0.4716311683262982
-1.9839720468464532
-0.2424149207673525
0.5445902768745418
-0.7246682051303127
0.4712754427588202
0.13475490477175855
-1.7590247616156987
0.23860147057412853
-1.5233954566156849
1.2515993572943085
-0.8578732319124814
0.2268564628220828
-0.9328166729242078
-0.7997592923332618
0.770978273247999
-0.24717559240050507
-0.7050621751299189
-0.9373359504489709
1.9896559543533332
0.14795210312288537
-3.136881619029409
1.3492817569353341
-1.4054779933696493
0.42711539391763187
-0.22653921124989504
0.013293275458229658
1.0238019818893025
-1.5741322270791565
0.9641918735495811
0.5319169406900625
-1.6098294968704479
-1.9819599517884803
-1.4891237856165338
0.31157044415707674
-0.645385854470156
-0.1876030749014376
0.28595203785018297
0.5145801785618265
0.8930259729548166
0.6950687253275709
-1.8263990972170394
0.8166071203741505
-0.44438662486409913
0.016172256704164185
-0.2585389460728813
-1.553248970754319
1.2868402132392778
-1.2697177326201474
-0.26457121910670417
-0.02280614521050572
-0.8607763522033322
0.7539265590043145
1.1580933658329164
0.3390441416603698
1.693871592299076
-2.3040710438258474
-0.5257850184563349
-0.5907606075611326
0.005608164190667076
-0.23112100779535413
-0.7705605454614953
0.9403468066080464
1.6569263257305529
-0.3712515970777229
1.9080408351427516
-0.7499645978116601
-1.1916282278426154
1.1859438249607888
-2.048558661299265
0.7121432204873757
-0.8535645236461915
