-0.4093981015398068
1.5964599639591388
-0.7245486041933177
0.7967900503084078
-0.929216401595128
0.64039183199728
-0.3553284576429554
0.6121610196155214
0.5005112857124967
-0.07011647882238636
-1.695909025043437
-1.9869594606243497
-2.073360410736229
1.7169237397558492
-1.3010985849439465
-0.5961185646317085
0.6280126285988512
-0.7376338105457182
-2.3556120934307003
1.8803056048732163
-0.2978308137589406
-0.4271782026881082
-0.5477562901711334
0.19670493578693543
0.7945857895387417
-0.5124412071583765
-0.20706353358019605
-0.10467675844287061
0.22623591398212972
0.6582724041660136
0.06946184707069424
0.8058294744310189
-0.08289765885603192
-0.812629054244129
0.9885936328559751
-0.17491372894267104
1.7830808135910856
0.20619423313152052
-0.09837438459791156
1.0361645523470253
-0.43897135035896306
-1.1525532621694752
-0.8110292704302358
-1.0741010616766793
-0.2441844497385286
1.3740455095005886
-0.12699194691875643
1.1446244093099442
-0.6593965489239942
-1.0884969332218062
-1.7410862194058334
2.278583000134448
2.819355658445165
-0.2388452421525824
-0.2660319309898132
-2.723425519078507
-0.2895563748688046
-1.298137690586315
1.6874385488717358
0.2570642312503226
-0.10993695425588959
0.24519187376637772
-1.1670576798878434
0.13498093369411626
0.04313490469226875
-0.9260641309161114
0.8313678698047579
-0.20283655597926067
-0.3758534207908177
0.41931852757814636
0.060143416840715176
0.2946731667310804
-0.5493983545932991
-0.7880065693778042
0.7007573614333971
2.168943336412978
-0.3193816506364554
-1.9575255007363537
0.7621058169666435
0.4166107443851946
-0.7678841332074324
-1.4776463994197726
-1.1576171590758555
-2.0452224284737124
-0.7055955239260807
0.5873000480497901
1.3750424262608758
1.5589568240180247
-0.6456314708481942
-0.7635103000615612
0.7042951869944162
0.5255186663299479
-0.5189247706846785
-0.629370184592579
0.8288366964489039
1.3975697470576618
0.15020290060206193
-1.0771707604549179
-0.10148140632201429
1.54254718058746
-0.16772131788393418
-0.28261270107356967
0.021785173219480817
-2.3259662064825126
-0.5452183848824542
-0.29739245745019444
-1.7231732781224796
0.17062043196722135
0.44515807732202645
1.1809339681138054
0.5763858104376275
-0.5961236776434661
0.11378719117722173
-0.10335298925113995
-0.650276496407546
1.008658715663338
-0.5573298325673219
-0.4785766432638319
-0.18034764561507852
-0.4913654068692859
0.281382990761877
-0.9714468169186005
0.3884844832795611
-0.2276810543989446
0.37133485307552533
-0.36702738739184476
-0.02865061948662561
0.6277970809503008
0.9387164604254328
0.6651631170772143
-1.5757719596724955
1.090765620668736
0.030801254722596025
0.33733232639796096
-0.3618201270252327
0.36990995639349916
1.0102111399811662
-0.08092532489764324
-1.0092786900012247
-1.3924675918712697
-0.26216800621108605
-0.7711617927607208
0.41445411290387923
0.8459286912970045
0.09064017260760482
0.1755629042684262
0.12710798140745994
0.11622234566542372
-1.1097785233442166
-0.3575637400742447
0.01251153728154159
-1.7341872083388137
0.4986465912295467
-1.781175649620254
1.4358697979388513
-0.30090447924730157
-0.7652764140205047
-0.11227915854023143
0.9009036646750285
1.7316593352030232
0.3922055030805037
0.8134570897304738
0.28883436951437147
-0.3976693981463405
1.6329114744473943
-0.7970107551120035
-0.7145900249195554
1.9107320194550657
-0.2386001433674478
0.20982369661610414
-0.56171195246251
0.3735194060337959
-1.4986678391668042
-1.2815818624583488
-0.8057975217132733
0.9585269325132595
-0.48989248759970383
1.9510426407056336
-1.2291522737107023
-0.016611543110600896
0.06994059875311563
-1.5722917851904588
0.9381212082256024
0.6133760930166043
0.00951409195947746
-0.23476392898812676
0.22994970788216318
-1.4175331105313524
0.47551395572608424
0.39191713172007764
-1.1679809284271054
0.008027328132789883
-0.763917649522319
-0.9242220571422307
0.2048897896206184
0.9937554760056662
-1.5881419185491703
-1.387226534395807
-0.0705907679654618
0.23396218385023218
1.4196379988201446
-2.2277002460324837
1.2856976997981435
-0.1524773809620998
-3.077069773274077
-0.8243995848385121
-1.5270892493098454
-0.16039716392218709
-1.4423378598432097
0.8124228950413969
1.2435865755254987
-1.5277280332714627
0.978011655771725
0.39482041025552067
0.8076300441390792
0.39475625575778933
0.31382768268533096
-0.5104271065688144
0.14848586545632617
0.5163828021208521
-0.2612801010313503
0.12154339603643148
0.5666864762540124
-1.397615550982897
-0.08942041327639702
1.2386522757691871
1.3664336453765058
-0.21281699436629425
0.4690729826661157
-1.3825577478588214
-1.2477247442318393
-0.7804610125691965
0.40735970430205787
-2.105254307476141
-1.160088008006196
1.7036865541471795
-0.8923287656352893
0.41295845208905396
-0.13641111198310085
-1.2916033438671153
-2.692631872574581
0.47681976963299916
0.47315464990792433
1.222324275654109
-0.19748980697906646
1.205217921068229
0.45747238626564407
-0.4679520329854068
-0.8459548027998456
2.1318761625753972
0.8737547663582982
-0.33023848636326386
-0.29288904901665425
0.5413450211940792
-0.27920955655602814
-0.29524694466394824
-0.33622841483589244
-1.213805845832176
1.409396946140985
-1.3309079169291538
0.4385660006768694
0.33608612126231713
0.6567606968990597
2.2418887537914673
0.6638949464847831
-1.3335984918587567
-0.5927356334253203
-0.3146027867090814
-0.46088948359837323
2.0454670921552194
-0.5595411422967793
-1.1633412391344446
-2.110018234900524
-1.345331374737597
-1.2182265530815357
1.1983652014255968
-1.523895457593681
0.8018254628344046
0.14261213370846854
0.7315970982277796
0.2551836152119891
-0.7575749980147848
1.0210547253388111
1.2030108067747045
1.6369467136378002
-1.094853190942236
2.5124832984022674
1.0580299640135982
0.6124087426680453
-0.6192287362731026
-1.5619824461174852
0.19729728850671868
0.0027792089869203554
0.42160294499570566
-0.7800556362127228
1.2130201277647379
0.33672827906024544
0.754306499165129
-0.23377236326532333
-0.28980434729619126
-0.2495831157413082
0.46744114186885244
-0.15753953495072873
0.9633705416305707
0.4943321938366018
0.7115720595239741
-0.37459508949347636
0.46640395233847876
-0.8684422212520444
0.8948560628474377
-1.0844818863717416
-1.3206499706026957
-1.2346085576638186
1.1134595474882736
-1.0698487522614466
0.8053156181977454
0.9874591824319889
-0.8029946947114255
-0.10382320752244965
-0.02109018057062751
-1.1739057061910922
-2.238317603972633
1.0289182745292342
0.36999944705700866
0.7013653314722026
-0.05625766315269042
-0.30920387292168555
-0.25315420459812127
-0.08982169763763008
-1.3357045922871769
-0.051984344114343974
-0.14862604239661198
0.2531870858431298
-2.1817295986491922
-2.3959131854039772
0.25763467238961224
-0.674092999116977
-0.6363035397604909
-0.3732100043435754
0.12850083045123056
-0.06511415670294426
0.619092350995345
-0.5793478695456716
0.6640352328476788
-0.1470072494082313
1.2747365994265993
0.15048689256341283
0.5653304300568973
-1.683932248374471
-1.112490315994136
-1.5733101011156785
1.2244878780612953
0.11191749295444174
-1.347245270372686
1.752691287565794
2.431341542522915
-0.41010882699398743
-1.1940369436633393
1.2633605669684498
0.20252648551917204
1.0108227797637575
0.5225630867349046
-1.5151436074939695
0.005538760008529331
0.08116345518518037
1.6748054868499362
1.31719684257878
0.1307713114730663
-0.36262580268669986
1.2263607226924722
0.918912267892331
-0.7167633286524058
-1.7375492158714594
-0.6052334240428733
-0.294305292188651
0.47877518636238675
-1.891886639424218
-0.06610930479302025
2.267946211875839
-0.9495004172732582
-0.6927443226948438
-0.3631124282331338
-0.9127587284394222
0.10478242567738913
1.2978978531297518
0.008245244374156514
-0.5412826240407829
0.18907376846957005
-1.1960174623834476
1.3475753679291127
0.5176237532760589
-0.5804878280760937
1.9287011434544636
1.3403221207997102
1.3906822370914242
-0.13605659076612003
0.07198703329914967
0.9671412480136761
0.5516909542657585
0.6669095293195829
-0.4770709825094008
0.4563572185245472
-0.8523861328193869
-1.0911613019738131
0.6547064496535581
-0.2811057038535354
-0.4744979810645431
-0.5083937918593308
-1.0554319355198643
0.732059526575
-0.2427550618475388
0.1774352651678626
-0.8730501580300749
1.8612477040765298
0.6160737268729819
-0.534098002377781
-0.6125761848043294
0.4992784259274229
0.26735839060261957
0.522988270829847
-0.20176068847699644
0.15102339563189926
-0.18690407217937072
0.39968985265553286
-0.35736427976899054
0.6403954562797282
1.6010895072956253
0.798066030746962
-0.36860065270825493
-0.5720509280757545
-1.0300730524724715
0.5030601325905015
-0.2504178156415691
-1.670994014447755
-2.3289232988784456
-0.44769852997604076
-0.05697523279210915
1.2522999789788338
-1.3461883139782995
1.1405941151214163
-0.10164171146230942
1.983770567732176
-0.41094399031512824
-0.9273681776644184
-0.2952756248577081
2.1045580869719553
1.4139427595471312
0.6097893729563464
0.36006879793923857
-0.4058169268031057
-2.088809227460412
1.9352484440623134
0.3154244731882841
0.6449174580935674
0.9480981022790584
-1.2537279421794434
0.955807949740203
-0.5251383801594585
0.5055008912304019
0.2440940125080328
1.0963141457706773
-0.6115974809521405
1.0441746742929383
0.9981744918077848
0.9296740110374399
-0.1396612483640722
-0.612012407243276
0.708243280382099
-1.4069146190303512
1.5902543111145837
0.15437084997104433
-2.294139239704405
0.13016020545657245
-0.4625658542461992
-0.0922533358055112
-0.11035014663040327
-0.2627455162165907
0.9797751865920002
1.0484128714843235
-0.7223582058131731
1.1516075307213054
0.9287696426151273
-0.4467643511073818
2.778329413604526
-0.34317289247524946
-0.3327124850715238
-0.8830369513804663
-1.2177022950626386
0.7900153800203078
0.2609560386014211
-0.14102463267897647
1.501499204019378
-0.47796274191698424
-0.5240408164971135
0.5611471336168755
-0.5924187504194873
-1.7963622631203442
1.7251191676229671
-0.3059434203865306
0.25537281480815816
-0.5511474491047774
-0.7377670695916488
-0.5105308073094869
0.5492237936216083
-0.2952355213390687
-1.0810906572910255
0.8263761940785853
-0.01897654688341466
1.6787801011455528
0.35069572348268857
-1.3527480642494174
-1.0302705829103658
