0.5177165041078139
0.7516144982741966
-0.357175723620784
-0.1371616725396163
-0.6231963708006172
-1.038035138707674
0.21543404545197972
0.45787752524609665
-0.22721837318513688
0.2878043153114885
2.7701455397608163
-0.49858029272449306
0.16566240640199592
1.5504880068635685
0.7704709089729405
-1.1934850358639724
-0.1280208103401801
0.9224423186480634
0.3359290121478725
0.1651110590826103
-0.6919442562654886
-0.5429563132275429
0.2247955030952762
0.05119954316567919
1.4417777563277634
1.9294703401215596
0.059513880361085965
-1.1324084163263408
0.4527993083872406
1.3903570763535233
0.21688660702441112
0.2504826617270034
3.090937959125188
0.15010515915926612
0.9632512408670273
-1.4705653191732992
-0.3882473826569818
-0.4937865707162921
-0.12141685853559117
-0.7386370741999907
-0.4864664891273234
0.08400826215986545
-1.8040914199104918
-0.6138039012967411
-1.0520740410786245
0.9493980230909356
0.7035278667929857
-0.3731006821840153
-0.8575945441191799
-0.8268352607284621
0.3563676170813896
-0.4591330930266462
-0.07078523263580982
1.430885227916946
0.14993744201186338
0.13699061517309805
-0.45867217451152714
0.27410323929647235
-0.7520950024382363
1.8703010308762593
0.5012890370403247
0.41572241967904794
0.04595841470795349
-0.4853216527805451
-0.7988602664250736
-0.47888160336543395
0.6938114457746019
-0.41904375807197264
-0.6220703706636134
0.93863583465609
-0.13868774472613266
0.5798496559033346
-0.794051615800661
1.9005999034976286
0.10776124635807159
1.2960477216631174
-0.4988429911283914
-0.18307315555750286
0.32731143303800514
0.09285891329463151
0.415573478918389
-0.09812838290538116
2.118303251492698
-0.02178295638783768
0.6028629930313634
0.21549989412957643
0.5460293552951564
-0.5382270163778335
-0.9764198291549969
1.6092986273296517
1.4645269208651204
0.4598810427076812
-0.7158595317273442
-0.5802467990506259
1.6759669630788256
0.9906116501462299
0.336384068051494
-0.18626070800422387
-1.2614168570615671
-0.7075517932123427
0.18032918608527795
0.297661487484246
-0.23637155372791785
0.5796679617246352
-0.017067879248041807
1.6000453723455383
0.7299257024412177
0.6686658758311584
-0.3539615293973677
0.5710995232809928
1.5387757221526812
-1.2523464481350672
0.9632185825474502
-1.4586117927768396
-0.04788369068796484
0.2329179418151278
-0.30204507243321815
-0.06829390386123234
0.7250158326532619
0.35247881000823195
0.33895805740043067
-0.5077965729990366
2.5809560327088765
-0.1453340568402233
2.1083286591348673
0.6076060113631336
0.04793260143131422
-0.8386994041189905
1.2154836102901398
-1.2067518538391713
-0.4641933424404397
-1.7484437067372907
1.13524375056805
-0.2507170418083631
1.4067622989226276
-1.2735616633757818
0.2668578234275032
0.08710330851915203
0.011604600364370233
-1.2907586508335236
-0.5464417449815736
-0.2394750271016471
-0.3350475800999258
0.3001031724656201
1.1006853299056534
-0.7198388986868147
-1.2103438412480125
-1.4950937381319014
-1.695772904753331
2.766331958255803
-0.6227837472137507
-0.5248667014278076
-0.5972896842427469
0.7263270434608282
-0.39316784338014044
-0.7918505748676314
0.0734051944958
-0.15874936094988615
1.1996097564537012
0.61343352187625
-0.6607731787052179
-0.6926462751175223
0.26586029447823717
0.7114006097851926
-0.2563915221024029
-1.7230375470417978
0.7584782031922684
-0.40660653441546896
-0.9204076297351232
-0.45287071120769007
-0.4287348128746745
-0.5275379977103024
-0.5479449337308252
1.1614727072772426
-0.9668746426052716
-0.9103489453999017
-0.3831387305292367
0.7148969271283128
0.27717158297982025
-0.29559982523347084
-0.6928633255970414
1.0192979571617655
-0.24452931265110614
-0.03427975441582321
0.4453216783198159
-1.1626462085069047
-1.2079921233847888
-0.641791409247833
1.8909119714905187
-2.385563104032878
0.6962055159817583
0.977139546739626
-0.8146702363451627
0.5615028711654866
1.2812606960618822
0.759119524186413
0.5468098497659318
1.7438682462389636
1.1463697334542617
0.08525124026588914
0.0472771134384211
0.8240866984743244
-0.26442170918212693
1.8788243237027233
-1.2874565512004
2.083080170431795
-0.5400617883311943
0.5845679730270049
-0.6039743946881162
-2.689975999936901
0.4110512888558721
-0.014295200283864799
-0.11370798858186025
-2.0708805388231806
-0.18262205957374197
0.5113081355733404
1.0656292538464327
1.4268734033466945
1.8440812753074132
0.061480765137842654
-0.1318294019498558
0.23634412173734454
-1.1486847178662443
-0.7322048062186091
-0.9381577516188192
-1.0298975930927883
0.9782102461311757
1.1420817831617844
-0.39546939222962985
0.23059577958103794
-2.0486688836334985
2.075516222451769
-2.330129653189922
-0.002482913988360188
0.6901176062947262
0.33114531540855435
0.3708787357926737
-0.6271085063572792
-0.990437437919955
-1.226754650662478
1.019934845534528
0.07580100431970321
1.2616793124501318
0.5075572541569948
-1.124787647888473
-0.8082282983017864
-0.4978758564678513
0.44842941692017135
-0.19348645143668014
-0.45002849229670167
-1.1771749059472034
2.6103723210205456
-1.5463347603147168
0.22688370140352718
-0.3115407505368143
-0.45221339283282475
-1.1162312548245907
0.8208003002263619
2.1458241182323
0.29573649129713786
-1.0691930023313712
0.9757152820325345
-0.3026935634490927
0.02908039898362475
-0.6828768876675068
-1.0882622955184833
-0.8332765808573773
0.06163899145709579
-0.40683033742747415
0.33918387797904975
0.9403772510395549
0.6521822597984944
-1.4306096358441718
0.1243258523660685
-0.12260841486699688
-0.02028336389913629
-1.7249335867455171
-1.8145919333072202
-0.06635079386182331
-0.32154514532939865
-0.274820872702972
-0.9287927115954101
-0.5206947782555181
0.0681899705648413
0.3437972025292387
-1.3811030060233689
-0.1814850353891748
1.7811903287257065
0.6273531458720826
-0.40282247078190914
-0.5098101074982724
0.33572776308061086
0.05012411563008535
0.8172661441998519
-0.10465114295922305
-1.1620109336755144
-0.7717817684386825
1.1307993001758487
0.16257664115540646
-0.012989841476951288
-0.27008292853162597
-0.8999439397189237
0.2343607236171575
-0.07919397825209294
-1.0501656832163928
1.0001122404272256
-0.4057326931646479
-0.4065987541616348
0.32485351102415094
-0.8697632813876569
0.4824935008021811
0.44444417116304236
0.1232401125963415
-0.3831414715915942
-0.2927428318046862
-0.6349406314253012
-0.13727804478796166
-0.3420574332202576
-1.0421405755172337
0.12186390649227448
1.322632178382951
-1.4609286951725675
-0.5270089781345024
1.390115720710246
-0.370507258667182
-1.5630733092664666
-0.1422590678366216
0.0012565869479976368
-2.3500397992194064
0.1345400708866553
1.155510258566971
1.4315419615132465
1.4686683807969592
-0.7151769608394255
-1.5574627946768518
-1.2217875999089567
0.5901581919941964
-0.29709392211057956
-1.4454374694787664
0.3375222063672585
0.5676160692191918
0.21527745228211095
0.9949324233596143
-0.12932064514585506
-0.4368232146442635
-0.2617115517975017
0.5303235759418375
-0.6029817935917636
-1.1373704519446795
-0.030958519984381812
-0.3019874408778368
0.5182173335071991
0.27279267296976567
-0.6231227329616544
0.14378287224471323
-0.5867152407920908
0.8172616785021014
-0.22436633564844047
0.287279753775732
-1.3421459571744891
-0.11189887640157416
-0.23111299972923605
0.3888717987233447
1.3314767112746169
-0.8016711447594317
0.9020303790173944
-1.1930391594357947
0.7815178562386863
-1.4273752371239472
0.004917901473617487
2.17577806129968
0.2546703870246078
0.06109480550104164
0.170491006040868
0.4786470725012489
1.8248644637882148
-0.17063306367649142
-0.7583195763776615
1.4948345095955051
1.0373144885817114
0.32669813803279746
-1.1629254980421238
0.9963983113490973
1.3419027633307339
-0.8328787414169099
0.28303207873009356
-0.029107063221691633
0.49039180089749573
-0.8926639387646956
1.5969016309604553
-1.3671887219375813
1.3193589276760986
0.6324103347384369
-0.4316284330096094
-0.5041248313305798
0.5861460562200094
0.5698482472551523
-1.2302275305489088
-0.2757048774511937
-0.36169100914921765
-0.32369226576154864
-0.22590434409019355
1.1285988761723935
-0.3086099833400836
-1.098695561547726
-1.745391958650307
-1.223642810098708
-0.25468205449739734
0.6017454456356232
0.041878537503825454
-1.492673329017226
-1.253243435060631
0.6714351678334117
0.13542136203297725
-0.2799721695861418
-2.003625613760419
0.46863478194659336
0.5438794971494358
-0.028550375609370775
-2.2066829304000724
0.9575388523599164
-0.42209246918137633
-0.8266976867708402
0.41929151710300777
-0.41822609799473337
-1.3817271171956202
0.22781066146428655
-0.4651232924090857
-0.7820055494989355
0.035020467237299964
-1.808623924575182
0.8126687898427706
1.0207277402040478
0.4884954687688215
-2.1267663936603043
0.2531598600820847
0.6418236435486318
0.09400610284651019
-1.2211816024315112
-0.569385951577855
-1.8515369209863555
0.3103415216332604
0.845022539875916
-1.9647157340800718
-0.3464568017702392
-0.28964563503080293
-0.7555560536233595
-1.6909977041911435
0.30392241600628994
0.7313588290548915
1.3591446193960235
0.8681424908673079
-0.6153664211474229
-1.7623455151055076
-0.12840964871826271
-0.4332823033836027
-0.465401925775363
-0.7331803435967066
-1.3792704301718417
-1.4660217240492788
0.9869191708061582
-1.4694711428220082
-0.3758860778436963
-1.3208640682641153
1.1200489909258107
0.5598844836396043
-0.3066130411589279
0.34115072038275734
-0.6823491697565465
-1.0310294590426803
-1.451063986787425
0.7122455224148426
1.0607678987366442
-1.659629081690027
0.29340954158100757
2.080332006995866
0.16324177159603323
-0.3742606306000101
1.2696970760111392
-1.010556240269264
1.431156347150915
0.8153343902611377
-0.2681310558662869
-0.9509805400362706
-2.011473878923492
0.8357527672457284
-1.0119268586235073
-1.1849116022459398
0.8755160479117928
1.7681103235185172
1.5176994196921108
-0.10249901510476872
0.2601770502290934
-0.329393467675262
0.7699072333718257
-0.6384364879976789
-0.34444499170789356
1.9153998017492662
0.9265876502656583
-2.5014023202353486
0.014593487293515908
0.7906802855814499
0.31880697410058983
-1.6792571538501921
0.24888330008678114
0.25536749242954726
-1.3394583609370654
-0.23949895164720542
1.348044264616373
0.20110193424318804
-1.8110832792930187
0.3754511611720122
