0.26582624627207047
-1.0756844236413627
-1.5102719753463765
-0.05974697502271283
-0.719881757843555
0.5570760594641184
0.05284612724026575
-0.4599842063189496
1.2944042910805205
1.428731125697728
0.2809317577020711
-0.36331988094961803
0.6244981836208667
-1.8165280461658804
0.1233351702515607
-1.0946251650402625
0.12867319779111136
-1.1317403721354076
-0.9257967410402079
-0.515211311467833
2.721266223434723
-0.47167510839396504
-1.35102796537354
-0.754235733280714
-0.28974013224475176
-0.43817666385118914
0.14706449049447595
-1.0193556255227005
0.38775425170365935
-2.02831802975727
-2.350973023285392
-0.48245888551059335
2.7144759914843815
0.022790166549611583
0.27605541228606373
0.5151857624461983
1.571637300337908
-1.1774744242245605
-0.34044148717778216
-0.5206494518392962
0.7928818462760054
0.07252659571474919
-1.0221339411841859
2.368453159711136
0.8364347391710675
-1.4333775948750789
1.3600339482373733
0.9124829158722333
0.08265762457768892
0.5755032100588262
1.1873748939241728
-0.76170099708726
-0.30649958359781787
-1.295096516083136
0.584156533500769
0.4335904678624128
-0.12722485846994566
-1.2207169716988815
-0.71251651278496
-0.4116334834474478
-0.4899856468188333
0.4489637001542743
0.08522745852079981
0.009827894882090791
0.9295790350058218
-0.03266888943126925
-0.6789884706936501
-0.3028876888265778
-0.2746497567544226
0.7969756940188008
-0.13582448790420854
-0.36423252685998203
1.925200983233622
-0.26299668035177565
-1.5686941319225522
0.02637961060400752
0.5291948464945977
-1.0080504774845918
-0.14652381369119333
0.19013222148620376
0.9003544127449051
-0.9382001364545941
0.18657214441940745
1.7136270597936587
-1.2675495472759777
0.046103987118488704
1.468773936653631
-0.15958377029211512
-1.3935443663049814
-0.7056356887706494
-0.6716080501805163
2.1634421085217155
2.1115305304331864
0.38548628585335454
2.701986055790404
0.42594622090574014
0.04570081445357261
0.5120553633997146
0.5499697754727298
0.6269179575277365
0.7294414782779466
-0.45793342180599106
0.21436724585437453
-1.2769078861310799
-0.8018513178550348
0.7973984618002332
0.30917042828313585
0.5383181307037944
0.11401134030110278
1.514008227346142
-0.21641251092734765
-1.6422771495450732
0.25559311399059864
0.4887238459284268
-0.03412707878119522
-0.08324505747724749
1.1024784266645986
-0.8687844100735981
-0.15926381953165614
-0.2616732048065874
0.23735384838979226
-0.09140548576219444
0.8039346604973303
-1.9708630116992552
-0.22648790267526583
0.2450878619363661
0.37107464973594806
-0.3598864643357644
-1.779589352272042
0.10497798567369752
1.0044935335048586
0.6289847850355246
0.6572351001217732
0.5490887326474514
0.7631842538220134
-0.33054669998838776
-0.3610862053515153
-0.30999136849078657
-0.041509313943157884
0.043316450976279626
-0.6095394432553922
-0.9056349947434809
-0.628255999817132
0.47834746371466996
-0.40545907070623244
-0.1971440994986377
-1.688428211790933
-1.4131034303088879
-0.9102343557036198
0.3138913008984682
1.2796926392843837
-0.987981365014195
-0.236001283068386
-0.4527562658473595
1.6188066945681683
-0.5296854377677948
0.5611976120918839
0.5183136936502638
0.4906725297878049
-0.3153828125297428
1.5143835763235156
1.7994330146322304
-1.3802091641071454
0.1325364837644679
1.1129154101793564
0.45144259741842885
0.27320790051317084
1.578185411671402
-0.791709603084775
-0.8502369328954633
1.7909135167695902
0.2424057507194711
0.27146950616482407
-0.6193176148158891
-1.2653863465721076
-0.6672513122565684
-0.6755812445579895
-0.0805794089085619
-0.24993448489829223
-0.33086032452646047
-0.7470627954529598
1.4621561401493472
-0.674716256647139
-0.30856321121505537
1.3151655126057036
-1.2183405811528958
1.0647420203641933
0.032361604803403096
-0.3936840383062068
-0.9107940267895884
0.6952534311890989
0.4871708701642847
0.3609048615271146
-0.102317157714305
-1.5237978906323986
-0.6977492143425154
0.8868419580751774
-0.5129155169923922
-0.4928533744630043
-1.6761569473743436
1.2713800392211103
-0.9956661354427414
-1.343397139591607
1.4131035057742922
-0.607515099950946
1.53847869697182
-0.5823625829970418
-1.2118440823762877
0.6533233822282127
0.5089744787169733
-0.8295483554328142
0.36033577524376026
-0.11128943360620683
-0.22857831925590436
1.6528139848849785
-0.855322653167499
-0.5802242223614541
-0.5700521087384427
-0.39333428380453067
-0.07071975333724234
-0.5063526768905718
-0.45319179047363534
-1.1083740365236157
-1.811344950037008
1.2203319654190117
0.7387268670471957
0.2649942262797446
-2.161358207909435
0.78311844206821
-0.27404794051320136
-0.10329798332308168
-0.9585702114799103
2.4181727897381853
-1.8314580608407651
0.08198520101074636
-0.019262876492964758
-0.15123951987805417
-1.2383918823771844
0.384754730217149
0.23548699333521206
-1.5687777578759095
0.39505031051634404
1.9804210606383932
-0.17307986270126374
1.7327000654485598
0.47798341470349104
0.2488750868955867
0.04080561402838627
1.3959330589967804
-0.6000382737955668
2.1045747899867537
1.347584905088036
0.4670987094060108
1.6437724651117493
-1.1981504831700645
-0.8478520682032267
-1.270581188363665
-1.4399000153225547
-0.406283502188167
-0.7979746345480105
-1.3583548642877472
0.5298691613392823
-0.16396156832761258
-0.3187652016929608
-0.1369901433766413
-1.4585044554144095
1.2540744886047908
-0.37244495826472873
-0.3657952761456803
0.5830098419683117
-0.14480326496056192
-0.5012817785414607
0.12957039124002034
0.42913394468711463
0.5937240946146426
1.1549530344982548
1.4759012447581825
-0.5484309604946471
-0.2772843553430978
-0.6763076889383526
-0.042669625816138326
1.2451181466599228
-1.0834576164746719
0.8267731295013667
-0.24156487253894957
1.26719201717734
-0.021823258089053645
-1.2050310451761754
-0.08518223059582296
1.0114410231348936
-1.1017627164371382
1.75477025391499
-0.8655713464625249
0.6739736287496012
0.5546106869896529
-0.8751595268340774
0.9106820791634588
0.7614123499126201
0.3636256185941757
0.08641088787538165
-0.1629935010861118
1.0397087315164397
-0.841286150723747
-0.2832366696385728
0.3639992888661611
-1.4916725484474502
-0.6614329571136061
0.3478607598203252
0.8746575474288116
0.8782971707890599
-1.6386948614829282
-0.2894948855453739
0.8399052904118925
0.7005408463620119
-0.12493838031217272
-0.42875665249038425
0.22742511128530124
0.8172266195071901
-1.7352267487395456
0.4154683073954644
-0.9999784445096778
-0.11218893447434598
-0.26450427843061186
1.57827993440862
0.1901367657068711
-0.2295569694305151
-0.7672540755196533
-0.9114625101680376
1.1114619742265024
-0.09732522631966878
-1.0271067033942691
-0.28703220427352216
0.42275399939819724
-0.39959047694974964
0.002794474940047409
-0.6496335136475194
-1.6501488129523987
1.029094230687089
-0.5310280664034821
-0.31966113614149394
-0.22560285932579202
0.9372599806857979
0.5562518994525638
1.3264066221193282
0.4301517464616802
0.2093969272602612
0.824100678863914
-0.37847931998215606
0.7942052226089207
0.47922782011782794
-1.8228220162243864
1.2940921272543158
0.040822796873600777
-0.137337104468424
1.2895655322514752
-1.0626185573653661
-1.781641175420362
-0.9758540899596333
0.361316149762785
0.6123689141249276
-1.3209028646186243
-0.3867724689623142
-1.081443077248091
-1.2345552512714875
-0.6036358128108059
1.233218099588896
0.3425029706820959
-0.12001773679818328
1.602816784393182
-0.5721360923776118
0.0013306130251617239
1.0943667868202587
-0.3379849619498472
-0.6181044226008554
-0.6920134633755627
-0.31531843869745063
-1.5925093095754037
1.198176547139029
0.32207472240191176
-0.8451657926785331
-1.0928379273544404
-1.1965123029799747
0.6569813365892831
0.6299439405026704
1.274959421352793
0.7836524406766888
2.5357999248633827
1.7710746352912723
-0.8640139742354359
0.6360244803630903
0.804252042309579
-0.16635687898134763
0.2935748059465684
-1.11615347776455
1.3563159982634445
-0.44326299333577224
0.15602910855187205
-1.5773259667640671
-0.7780881469988272
-0.662252428960946
-0.3916627161657016
1.2434489212776294
-0.9950304519110235
0.5891284817813286
-0.05120950858319226
0.13294096288219412
-0.04363998649860582
-0.10379564744732309
-0.5400948680417887
-0.6114853489641433
0.6560921754313906
1.8518318226835777
1.8523321775082298
-0.09397445803655576
-1.100747977780298
2.400343140606599
-0.5840299276448365
0.21921000395894
-0.7115027443824978
-1.2742216293291355
0.3316018552343771
0.4661429717211253
-0.3458413855636062
-0.09641986406570574
-0.06887651642525824
-0.42879069338221054
1.9526584731621317
0.05101295007345041
-0.2569696789182822
-0.12778585715627858
-0.6572625096672715
0.8926078281880043
0.14307743015169996
0.4955753466194077
0.6216178854610345
-1.4930013645972482
-0.7806822159803142
-0.1188176188870616
1.772529250556742
1.6525560615437371
0.14203728788809641
0.4209199593833256
0.5537525813847103
-0.6075666770013206
-0.7205364438349424
0.4809425238025928
1.9243151955311526
-0.045015347312076806
0.16493394394349542
-0.9757337260220089
-0.6567633974984013
0.241354400574168
1.0177628759758928
-0.1726203097049792
-0.002169063199160275
2.5410481054940317
-0.2622941990308952
-1.0864986857364465
1.220095351587136
-0.3830168495576046
-0.17563982366200895
1.5130725550291635
-1.3957603412281328
0.21652090499998344
0.1036521729555758
1.0366287290833198
0.5396994680136253
-0.13820353408881478
0.019014226553210663
-0.010030626386943086
-0.2278349186691469
-0.6838970067722059
-1.6214555433212658
-0.22502500704533338
0.8198632996417025
1.0425950098874337
-0.055730766217243426
-0.37663873059604547
-0.6481950561944232
1.052109625931593
-0.309945516168994
1.7039278302709082
-1.2069712898666283
0.27346525895460067
1.1636937375840197
-0.6108834527931686
-0.3023061408463098
1.1593277199614838
-2.0625288719114585
0.15631559282594817
2.037562797744703
0.01818244865204699
1.8151060186357386
0.5401424006636533
-1.0053431619850184
1.1843491644532835
0.2084628759449758
-0.4536449259322272
1.2462823139044703
-1.0626709225180826
0.847563960740924
1.1344507323702577
-0.39759873107070787
0.5332556376956236
0.5418984238872331
-1.0487737209014036
0.37757999844018114
0.6288714839593816
1.6062544550373739
-1.2901904528021815
-0.07519188400182568
0.23090386687587527
