-1.0249458019562347
0.8129790358981499
-0.47013752994284846
1.1067437545286543
0.5217683787047414
-0.26884016934526855
-0.947993587168128
0.7219927367150468
1.3159318276663896
-0.027119881110941883
0.6730904846817762
0.5024370379982764
1.1133105031425796
-1.4213432458601534
1.4721452744919261
0.798340649347465
0.012345541969778131
-0.06425387077898309
-0.5818651206662426
-0.9349821547506324
-0.6743228064566203
2.285239747085105
-0.9208261402954953
-0.07132374448408409
-0.8319445119469342
0.7174603461093425
-0.12209439245228938
-1.1872920190044178
0.9357493241329391
1.4891306052404112
-0.5154658844289326
-1.2220066284750513
1.7918946675606602
-0.1665712859692327
-0.39489050308707063
1.0671131499852378
-0.1291118642885556
-0.22601394411778927
-0.6056882837818327
-0.14624715881609254
0.2776262387889775
-0.3815441884711287
-0.9784875382277144
0.34117206191803473
-0.5405867449708657
-0.2569939209155423
0.29389107861170105
0.6426964568749813
-1.070677469304416
-1.9685543183515053
-0.46733905653486923
-0.5420805828873386
0.46397288037051565
1.3795125571371858
0.5580211146780005
-1.5258742045195246
0.4505864778935536
1.221088677776278
-0.09178744434167467
0.5404549984961191
-1.085780420037796
1.9435706748626755
-0.9684732869741736
-0.8052758476698574
0.7168335668712567
-1.553825533929871
1.0577143824648485
-2.3426917782491348
1.1563638519368074
0.42373162157107924
0.8318207808776051
-0.4574884546814567
1.5565809131265564
-0.1722123322286775
1.9613096454201375
1.6160540624225186
-1.0371792465178205
-0.6150315283108803
-0.33004115370552545
2.0485149181680296
-2.1747815951573486
2.3899041877303913
-0.6675323387736479
-0.6361612632904616
0.3879059321495429
0.2488989859942286
-2.1929180652091183
-0.3639019845919158
1.4661195048586138
0.375731743216386
1.3890551931456772
0.13486384881023847
-0.7241580991780737
-0.6293999411774398
-0.09297097289538392
-1.3965609604159799
1.0704991926860994
0.08996179430169929
-1.7599023402921596
1.5815593795005982
-0.7587753666675046
-1.8244131613773162
-0.4223499683893427
-0.4307545873599479
0.44052812345412284
0.22976339518401076
0.638356837588534
0.029446687047227256
0.5973680973292879
1.0319955073230764
0.43715456337408054
0.604709688326604
0.5924930406214665
1.9341449479973587
-1.0901489099120016
0.04075523449950665
0.04465636649813355
-0.004409226263961494
-0.3563264373239883
0.3628448767991462
-0.4356891121025394
0.938723997901039
-0.5842965270434358
0.37006494541054663
0.3657748978663459
0.6700781300918215
1.8335450932733042
-0.2202701213453893
-0.2544370063483941
-0.03444099302211378
-0.9190925198864552
0.16630565813629364
0.15790046641635191
-0.4169517660582163
1.1567357613046612
0.9689338609690377
-1.966294139308152
-0.9280750577544402
0.9143978937795082
0.7632598995423228
0.7291553968337816
-0.6525812179342905
0.45358433910879786
-1.326355174865066
-0.1601380338847517
0.9658008318797677
0.37464422660655694
-0.14905324536186476
-0.3867793736967183
0.46939855648951356
-0.3950676798517134
-1.9652544719217515
-1.0678962959805354
0.06656233297403887
-1.0981074975944265
1.3595567629411793
0.3113699199716831
0.08034121505566848
0.09715025355800164
0.4583054554042043
-0.40289577344786065
-1.1771909337913797
0.06645454832219669
0.7999293097844672
1.6788377332156412
-1.094485510317811
1.4545654665076
-0.6950417083460914
1.3332396311267447
1.0965551865180156
0.3017003036122626
0.3161506273460668
-0.6394300257038219
0.7163001981414736
0.5720155831699391
0.2585528750534387
0.42809122019243656
-0.30687714427196083
-0.5674582315200561
-1.8266666186735114
-0.16288998249279513
-2.015865611807045
-0.13804336944669682
2.195222550270029
-1.0051580341298672
-0.2037688856379267
0.729905743587589
-0.6085445530913081
0.6338029497085721
-0.14432837996035194
1.0853552811884601
-2.2692337117995005
-1.3412376438907025
-2.132057130011354
1.1593775485286186
0.02847138333957594
-0.045815176333437575
0.7823203924333905
0.21017724224408407
-0.8040133059843816
-0.7383780092376293
0.19369791573258638
0.6006250698297855
-1.0117187902365192
2.6227427062595603
-0.49294721811198766
-0.6694072923273923
-0.859818554571838
-0.6466133928045426
2.252059168573372
0.9757291441383666
-0.9688166287931979
0.3175632651497079
0.4376299742854153
-0.4151573806818732
-0.37931068042189187
-1.3205940926830764
-1.4794198272594516
-0.15482779129063745
0.9889746095697648
-1.1576182943154103
-0.03167658434588944
1.0585382225945879
1.3854731829119222
-0.9796944645052393
-1.018223695537117
1.2997330094314465
1.2234767429219928
-0.6156531384266923
-0.3353573767360185
1.7183243117323905
-0.9506437833681533
-1.7650738708968685
0.09252258617659571
-0.21115992670108505
0.8453818348223154
-0.32845952153048413
0.7543673742403258
3.505843963042332
-0.45182686911366554
0.9412706838780094
0.9989892159494919
1.5757836211343557
1.135040537401805
0.13178529362809757
-0.006441054719015498
-1.6956083141677956
0.514019479639045
-0.033651484986798354
0.23276815962433667
-0.13088169917585643
-0.17770894049283634
0.8088225123848851
-0.7740101653311846
0.1979689315443325
-0.8470481349586358
-0.6292240066341591
0.4157211778406513
-1.1676238192624262
1.012732182837811
-0.39205567469244135
0.880363099414389
1.3681601953918932
-0.7334964868711233
-0.14978652990686206
-0.3829000529243262
0.3221596875458679
1.2076869023003187
-0.6265656633422676
0.43360104999524046
0.2855822301745579
-1.18149922443116
-0.3732547032456537
-1.0389920744768075
1.3794617866334142
-0.9883012358709364
0.028224716901265233
0.8732059098503595
-0.811336886646174
0.7751632048925434
-0.582225077837929
0.47997108006594574
1.656476021058937
0.22884864974477329
-0.5018137624410499
1.5473945363982138
-0.41555309511652005
-0.7369280608418737
0.47002587480167357
-1.4010725018741017
-2.098204474507028
-0.333174198945722
2.278890858695042
-0.3040928730061007
-0.5267917773489568
-0.185828207805565
-0.4306720884546087
0.7634495129048698
-2.2955814511014934
-0.02398406510329128
-1.443162362094847
-1.5799275256644731
1.9776280147139726
0.9141943658563775
-1.3891169411886395
-0.521316889771216
-0.6359680990487612
0.6904536915638828
-0.9415574582208242
0.4076979126903476
0.7294958440120314
-0.5208937911254705
-0.5404551695201466
0.30397819437896584
-1.6746151111738714
-0.13815056239468212
0.2711809051636223
0.9760167131822511
-0.39528589852174234
-0.5141735720482601
0.23810473603009416
0.8226938484049462
1.3038613691076304
-0.2714956898497876
-0.48781874338214887
-0.2263093476730202
0.47258320081752436
-0.8201561978809975
1.192155741535971
-0.7480111091657994
-1.0361748476766361
1.2052267465831918
-0.33531934707007094
1.1743817382137678
-0.013603429994431591
0.6622952099799411
0.3888313347222226
0.06800954808884609
-0.21126527695272262
-0.1496834635580119
1.3255590209820716
-0.03939889588253951
-0.7310779801195207
0.6809090965734781
0.1491239478616344
1.1488582267228353
1.0158678159407228
0.6805875680413294
-0.80054877788943
-0.36896527887108843
-0.1411618603997613
0.5653009119621435
-0.1808678719358692
0.37249711970362537
-1.8716470778354624
-1.1769603882136657
0.19746763616926097
1.3818600478875231
-0.014257714000223926
-1.075862589624795
0.714914184607029
-0.8351616035448577
-0.2610882482335286
0.11745072496743048
-1.4481617700228668
0.8380748374021655
-1.17990293279274
0.3697611101210562
-1.3347054048503268
-0.42265856358214937
-0.6219128159658819
-0.4100166770696193
0.010739546796849148
1.0005884015494664
-0.8154169572410769
-1.389665897691023
0.5991706285856602
0.767841123237856
1.0101812356792035
-0.18183671206367405
0.005109595333451043
1.4965027540209022
1.4478043828243792
0.3201151517452579
-1.726884214790235
0.24924168002271432
0.7695732786639351
-0.8969001827787837
-0.2976648255609747
0.6682647639055572
-2.3434886843783316
-1.9083922440253769
1.1768229653787845
0.6619997387807999
-1.6057980690990932
0.6723247105402965
-0.597659964110063
-1.60418166546556
1.5763887064472908
1.2678614842671407
0.20797359318173644
-0.6083799473187667
0.6194062110897381
-0.8972339956659402
-0.3748868875985396
0.06804600400157171
-0.5374742027613799
0.3281857120626288
-0.42228055508757284
0.0944021322880293
-1.5342250881717463
0.6020906267559287
1.0742334613250057
0.010255274793876785
0.15006800118575164
0.6246760623804967
0.0034988728682248094
1.990188088795242
-1.3406225870651225
-1.4101312964953223
1.1971784081964125
-0.45947631531281724
0.6488815916915313
-0.710477564977372
-2.306194580477657
-0.08931582374704274
0.4344670583949384
0.8040098415132724
-0.5886940141306599
-0.3344101995148344
-0.9162297672101402
-0.16258084405222625
0.8955676724742492
-0.2812811302825982
-1.2452713367006816
-1.7321558149389977
0.05089163074385598
-1.4308813388745367
-1.8062137346240887
-1.0849167969994766
-0.16039202221847496
0.44154190495544243
0.9452391432269177
-1.9758023213477545
0.6664835398680566
-1.238217886991803
-0.9993769647178591
-0.8898654411180665
-0.9822668449628772
-0.2644021378472729
1.1499430108134074
0.6444569961319501
-2.5043996890024576
0.09160616198735995
0.34491498953150007
-2.4749764785111643
-0.47323068592753514
-0.42148422998347496
-0.5357655231999812
2.224868507239787
1.4415659609956768
0.7154663075729208
1.0247503880719178
0.9413376474995844
-0.9262670701738779
-0.14475944432372315
-1.450330564197202
-0.017366300553139764
-1.1231830342090283
0.6564006973079972
-0.0077469201460297074
-0.10750338459954191
-0.45293491894723203
-0.8168883480346392
-0.39572788456810193
-1.5834326565528394
0.3251281182296369
-0.7080202156904506
-2.167180723517144
0.552958165460471
-0.23065883938428483
-1.9778630700490203
-0.637977720622561
1.4714610785921796
0.540704293475599
-0.6809973561844763
0.6219470723718735
0.6734702328253377
0.1524140740364631
0.7805913033769831
-1.914502302222083
-0.2429209821673738
-0.04225137418817071
-0.3673601835413659
-1.7813226526441706
1.145553967876817
0.7716379396117047
0.5439164862858934
0.5148787071977331
1.4637377490496744
-0.24291330945145523
-0.1002353259371271
0.9258404590534559
-0.39452716160283685
-0.3789820876333242
1.269290071340248
0.12657549829579978
-0.6449570137020739
-0.873692212247483
0.030546355437517336
-0.9813741166683201
1.135903761745386
